45.55039
49.71003
11.74434
76.44356
17.28183
87.08586
21.00578
53.80937
75.80080
17.20181
19.15767
81.81176
64.70964
19.95127
34.19923
72.49815
33.67952
65.47060
92.63816
49.75312
6.64739
30.57823
50.32741
5.97414
97.09030
4.40663
23.30180
94.40385
7.37994
85.97917
27.30749
37.31011
27.15313
3.99973
49.40562
94.17322
74.15335
86.82982
12.68986
34.58479
12.40132
8.93282
81.15163
76.33612
30.23105
32.00901
53.20661
44.77377
50.46832
94.32471
15.25218
18.79378
77.63012
32.31912
84.59828
44.18717
15.50370
60.39238
75.03331
65.50754
17.76268
18.43976
2.54766
42.44100
33.67032
90.63160
35.43359
21.87511
25.70015
60.84856
36.98529
2.25124
60.28884
5.94991
30.05913
15.57010
66.75051
31.40723
98.25000
97.92839
0.06673
63.21687
35.58643
17.09989
29.79264
28.40414
81.19486
77.06478
20.86646
15.06381
79.82143
60.18646
41.89488
29.48777
10.17963
7.50829
26.66889
31.73473
15.38115
62.19391
68.66826
84.87641
86.39079
83.23038
30.20138
72.20934
78.39923
84.82861
6.52986
76.75227
73.59603
22.36712
78.38970
67.20271
72.01801
28.12637
62.64151
85.76290
91.17073
25.81074
18.97873
24.22395
1.45601
0.81369
51.29004
66.52280
33.77036
83.63770
28.50232
24.06351
77.70700
46.68895
67.76277
34.54380
87.37404
72.97716
24.68129
25.63020
24.86369
95.70043
92.92302
75.65677
10.00756
5.73426
68.27862
58.50221
45.81379
13.34480
77.48178
34.68628
17.64813
10.80366
22.04688
70.68337
70.77561
63.14387
55.30600
52.54234
26.39709
87.14433
63.92136
41.66147
81.25615
77.58911
75.92648
36.07217
79.05879
79.64490
36.21784
28.72262
8.58756
46.18846
68.24756
69.24174
35.04348
29.94286
27.32139
6.46052
50.35101
59.02674
74.34464
62.78412
88.27610
41.71243
71.08306
82.51959
22.75606
98.72093
70.44191
64.46131
59.07935
54.90354
87.69390
93.09023
26.21334
51.48305
79.08392
79.08350
34.53185
32.13786
62.46882
82.40517
12.13128
66.98208
68.40728
70.64741
34.49301
19.23874
9.83163
67.68064
10.50605
97.89498
39.27829
58.75781
14.97344
75.23806
79.38035
69.60545
38.27538
40.98407
44.03952
75.43257
6.79527
35.64910
6.75632
19.26205
1.84815
35.05159
14.84594
75.38706
85.72461
84.03754
63.21799
64.26303
16.41958
18.74669
90.52096
42.85608
14.91286
96.30435
95.85746
32.65075
2.20099
26.49963
81.01829
35.65053
93.96121
58.53377
48.67571
68.29429
96.62645
17.75807
15.30247
0.92258
29.11700
67.63751
8.16264
0.14729
45.58349
1.28656
85.37620
8.72986
99.78841
51.44641
16.99949
25.36746
21.99887
68.93768
14.58236
76.32167
72.15810
90.62334
93.22599
15.86831
71.79968
72.62980
30.20962
17.80950
61.15192
2.56454
68.02528
42.38185
76.42801
29.03767
23.22518
24.69878
72.61292
6.49634
20.63911
20.59588
45.71194
69.67991
26.14578
74.02940
68.88929
67.38769
37.15007
22.37507
86.44639
31.11175
95.55803
21.67066
38.90259
91.21407
35.76399
17.28496
57.87195
99.88654
59.20795
51.69449
75.57226
18.74788
11.81161
44.48818
81.51976
42.53608
91.00750
86.97074
90.74554
60.81026
5.14404
67.75875
22.12218
79.48155
42.93456
4.08275
31.71900
20.73486
31.19124
95.18495
16.36537
96.87911
91.57618
70.40559
69.54080
33.14805
84.53094
23.78419
81.85061
58.86847
86.05460
19.10415
73.06265
89.50568
82.97503
33.94506
47.25764
15.69399
23.83297
50.33111
23.40132
40.90808
87.68219
74.65128
86.53512
65.22474
77.18747
4.62785
13.30916
62.32808
51.42311
11.87601
43.38190
15.11575
97.19148
67.84217
12.07371
38.43491
26.01068
99.46509
51.97078
67.03896
8.77039
62.52123
2.90414
95.83052
57.14095
57.30719
77.06371
50.29196
36.64332
83.09409
20.59680
95.99505
81.88019
86.75361
24.90331
88.98376
6.11495
21.84720
44.24650
45.00530
61.44141
49.90393
90.76584
6.15627
63.60599
13.51608
67.65244
36.89151
34.40610
7.50842
9.58152
11.10909
80.12958
84.83943
28.37116
35.52391
22.29837
83.00026
53.47796
90.40482
46.07722
22.94730
50.38805
29.31344
92.98685
77.56322
52.31148
74.46985
72.14969
38.34451
9.36997
62.01370
68.59617
0.07161
40.75074
43.85510
70.94118
33.01438
15.99521
51.36085
36.14393
95.88082
36.93826
1.83401
81.20827
37.66239
4.14686
80.20768
87.16615
3.07229
21.84218
18.06565
32.92501
22.41022
1.08973
97.15875
1.48745
64.01579
55.90256
30.95084
10.82632
28.71926
12.70924
96.59641
16.26134
43.00843
77.58228
59.66098
73.51518
73.88636
28.82099
44.45632
0.00941
54.45986
10.35069
63.70379
3.98619
61.22370
89.45122
21.96828
3.93563
10.19861
19.83505
95.71744
56.78911
0.64864
30.66473
6.70587
46.20107
86.31449
35.26858
79.21180
19.83206
42.67747
85.36163
13.40967
89.41787
47.09083
75.45411
1.49341
64.29628
86.22103
76.35784
46.97598
2.35316
68.75478
25.84125
2.60666
50.36202
19.02900
45.65019
57.75677
23.56085
56.01681
40.91539
31.22183
1.36393
5.42116
20.37390
2.52188
5.03495
67.62286
14.71218
68.22705
64.18539
12.80968
56.16001
11.57655
12.70327
9.96669
5.63955
12.18560
58.73337
68.76853
69.23740
89.25561
37.64475
57.74755
17.65251
29.05488
62.22403
37.53324
4.63750
93.31585
45.23372
94.06261
67.91089
50.41621
55.33344
96.24117
69.94291
40.66930
82.12873
87.57836
46.58179
68.94165
52.77526
61.27084
25.23910
14.96556
68.59298
93.39121
74.55983
68.34966
83.90588
6.65803
97.93704
21.32012
74.70597
61.42560
54.74287
30.54556
99.17489
88.25551
4.93920
78.29236
81.07119
65.83920
59.78802
42.12595
46.10137
86.59992
28.91725
90.17766
97.80112
79.50074
47.84576
34.75695
32.42187
23.61635
39.51914
2.40132
89.13522
12.96742
13.45923
43.21997
19.65772
51.40104
79.29353
80.63068
6.49483
92.74003
99.66309
37.69494
49.37499
34.35028
73.07542
39.80994
99.20744
13.48081
50.04533
63.49502
40.31373
1.53322
37.65641
9.87583
50.98260
60.23321
88.54343
52.92566
43.86579
73.37769
32.15642
53.75512
36.33328
96.00773
26.72737
80.20135
30.71861
21.94265
86.95471
11.43506
16.15482
45.91116
47.23920
4.02404
9.59392
25.07871
87.26296
8.30043
32.33168
63.57507
93.86826
27.80987
81.10651
98.42111
38.77958
85.50613
69.33591
88.65964
60.80336
31.54558
18.80714
5.87865
59.28297
21.39854
83.28312
19.92206
26.41586
4.99822
36.99566
29.46299
64.25011
27.74135
28.56913
68.46299
60.61017
62.48743
29.79096
67.80561
86.43394
32.54761
51.64506
34.48141
64.96133
30.07913
64.61156
71.38898
65.01345
66.84277
32.10763
92.25952
62.02076
60.25250
54.92322
77.43202
98.46708
29.03830
65.67634
23.40908
93.91291
96.25773
5.82636
64.00918
81.48658
5.21586
57.09043
45.69505
39.98494
98.53574
16.92828
2.38377
23.81476
97.01144
36.03174
48.46727
76.39113
96.75810
78.69083
1.34938
67.95824
61.73661
88.16465
30.71705
40.30628
71.88060
96.61510
43.92672
31.23023
96.65442
43.39747
81.39632
67.39970
20.52806
54.33686
30.74734
33.58478
68.29490
42.21761
60.48543
40.71395
42.55210
9.19858
31.51791
42.85663
87.20343
37.42506
9.81093
10.98122
24.06314
2.68844
43.00889
20.93007
86.73393
29.35158
59.36450
84.33720
9.77753
23.13319
64.91992
36.26703
1.53395
44.03786
89.29419
13.60531
17.61164
17.09587
86.52013
9.83633
17.66663
93.17613
86.20345
82.06344
1.57107
56.76499
40.19447
15.81213
53.97337
74.28798
71.24865
94.48426
24.71072
79.41856
79.49095
48.31138
52.00319
20.58455
65.63737
26.54928
22.33627
44.18275
34.12826
45.67521
67.57670
95.20398
3.12693
52.69940
50.05405
59.88165
39.12284
51.50402
82.52223
24.19483
64.97900
73.18621
87.03351
92.58204
71.82426
64.83051
23.87881
63.32923
80.08070
98.40457
43.70727
39.75752
39.37134
55.04203
76.84357
90.59168
58.95212
52.03647
93.32333
94.30575
67.99846
87.72252
56.83122
92.91931
5.86317
51.54208
5.95444
93.73038
0.49018
37.48227
96.65904
7.30376
37.95036
55.10127
37.01160
85.81185
54.36506
59.97290
53.81889
50.48400
40.48019
93.93490
94.90566
30.50591
0.72900
42.77363
86.10932
31.10314
44.05401
3.84359
80.02592
5.68942
54.82646
2.78486
5.08873
8.94558
13.14065
85.73328
65.81445
54.35837
18.95605
13.52571
74.28629
16.74169
96.77408
62.88089
52.36734
22.48770
50.35514
0.42436
31.18929
49.22134
50.75896
8.83475
73.72376
4.47093
3.22870
68.50131
71.44094
49.82225
26.62801
92.25253
56.98580
5.41006
76.06618
46.79594
82.65674
52.89786
61.50193
12.81245
3.43972
9.70653
55.53223
56.53694
81.95197
76.88498
16.55775
79.19700
31.03133
42.21936
91.25720
66.71350
77.86243
43.71813
67.36060
61.44652
59.68480
14.08580
73.97782
44.28069
27.97613
27.72801
81.38237
95.32855
33.61811
4.48583
36.97037
37.26646
9.06723
2.51352
94.39947
38.85613
1.87858
21.78393
60.29668
66.91771
36.47288
41.00080
90.10130
80.53470
94.13111
98.81081
62.04912
27.20948
63.93918
59.27629
27.66864
49.16150
8.10482
15.78710
72.79690
45.81228
83.70500
91.38003
66.52307
92.87143
2.99956
15.88977
63.08146
73.51682
7.35581
22.42832
91.87920
94.94484
13.39775
11.39376
79.70512
53.61674
86.13042
51.37719
80.69463
56.13750
79.38516
48.87841
72.23878
42.21606
53.93342
10.46618
7.10726
68.56619
99.36674
13.68484
24.95965
70.20762
97.39930
13.73319
58.54538
87.36586
41.78944
26.86563
12.59009
84.72184
32.21648
20.59565
35.37490
10.47184
84.08133
37.47907
71.43969
75.31105
61.84697
82.91441
29.63334
0.49924
12.80865
74.94365
24.54429
11.43134
3.89406
0.61771
22.11851
89.84390
68.30561
54.04862
75.03573
70.60811
61.19128
62.62516
63.20102
7.70113
15.26821
39.15905
57.96397
10.36076
79.68014
