34.82568
75.51712
47.43275
97.01816
31.85134
92.20767
34.59275
90.21731
44.41216
21.02320
79.91039
55.21196
56.30600
54.19175
71.18302
84.22024
59.41510
8.80226
99.20591
94.17429
50.35658
11.12563
54.09083
33.14300
45.91280
80.99266
91.63022
49.95084
22.10831
75.33177
34.46496
84.53467
79.95237
28.40498
89.92355
71.46396
12.08806
19.66117
47.42163
16.57458
28.55511
76.92007
19.13061
28.65981
60.92637
14.82998
16.70996
75.47354
81.87947
53.07064
46.84737
23.31796
96.02227
94.00399
95.89482
43.49146
20.42677
39.64952
53.04232
57.14170
21.15380
28.96957
13.26054
68.65566
29.58834
65.30478
36.22490
51.83326
90.19593
43.06826
34.71782
80.41341
94.24532
30.29535
55.54526
38.16018
52.12405
25.93993
35.43322
82.45477
56.44994
86.70326
61.47711
70.51280
16.87281
10.71104
4.17418
63.57500
7.79995
74.43977
30.13963
88.82210
23.99127
51.28937
0.27024
41.24591
85.51715
25.88164
46.62904
32.72064
24.27246
50.69977
96.27419
81.50207
1.30791
90.43612
15.23792
53.86633
29.03410
11.66752
70.66057
53.15316
2.30418
13.94027
10.03436
15.45945
30.78457
28.38774
90.30105
13.16407
52.88457
12.31217
4.76455
39.48821
83.28928
23.78690
27.09949
82.91693
61.40217
18.76282
76.64471
75.29310
34.55757
32.40473
33.16173
57.80966
0.16903
90.52372
10.18427
97.55538
10.50803
40.05648
5.30658
19.45528
60.65155
30.19221
25.42813
8.71547
43.73312
50.06244
53.03180
98.42414
94.98803
24.39901
22.91069
56.82201
16.67131
90.45298
55.32591
91.15907
40.55870
88.53480
62.86459
10.59596
89.88770
7.15135
75.92885
23.43837
98.45982
53.71537
11.66784
80.48233
2.66082
51.92345
54.19229
11.78951
81.63644
10.62942
25.67430
95.28269
28.90435
29.66625
14.58716
79.28046
96.35871
76.65859
67.39497
15.28096
7.69621
90.57712
17.65571
44.40675
9.05658
99.76399
55.42084
53.78804
18.05005
87.72311
33.54815
46.54277
67.11167
24.48638
96.64663
8.10131
61.13249
53.63309
37.73538
73.93404
79.03075
36.18140
50.61201
77.87103
23.77558
34.85287
29.08370
94.89705
38.12190
78.40156
30.79746
96.67664
54.01927
47.23538
36.45187
54.40175
47.12971
40.67966
24.82019
49.90124
6.63011
92.86745
60.15030
70.37578
20.90318
75.29696
87.69424
89.12619
59.76116
86.98374
24.23638
8.65381
51.97341
94.44185
16.38122
32.15119
76.26707
52.76233
25.63858
7.20036
77.99515
65.51829
2.77124
86.04920
3.63517
25.11231
70.05813
40.23300
73.37368
53.27952
84.69916
19.36873
16.90072
27.75073
17.83812
71.52640
89.10264
30.64647
77.34106
98.68732
34.54426
36.91530
17.26594
44.15712
66.75513
50.26469
54.97641
94.78381
40.53541
66.51595
47.12778
74.22111
70.83303
57.18276
63.16311
6.23597
52.57605
55.47740
36.71904
84.92051
86.70615
80.91295
8.13092
85.25132
18.26958
15.27291
12.71904
95.03383
28.42024
48.69298
70.67914
31.40451
61.39883
71.32981
93.33282
64.29305
30.56888
32.04745
48.91569
7.74090
99.22599
48.74175
91.74146
26.49592
29.13291
5.74932
87.63391
77.74032
84.00572
30.03260
65.52531
30.37320
3.31940
33.05298
66.18381
90.61757
94.19241
6.52221
57.68804
54.35955
95.67962
27.78564
69.13685
5.82786
8.79353
75.39463
37.28027
73.70616
78.20461
26.29143
45.57129
12.30808
81.08768
5.51082
23.76335
65.52252
20.50537
72.52945
6.80387
20.01963
47.02552
44.11197
98.82739
3.58236
42.04699
52.28359
21.07329
36.35868
88.54693
16.43737
43.97903
44.51644
39.23396
61.31381
39.31226
73.50912
10.23277
75.60621
20.13791
9.26727
88.75158
22.90969
15.02847
17.04654
90.50393
2.76421
87.68111
5.02687
65.54001
5.14335
89.95871
76.05414
3.31140
90.27491
63.90098
11.15677
65.13822
30.94408
51.27103
63.60155
24.14693
74.58691
74.52160
13.12910
68.00207
44.24516
52.72361
64.84567
97.36261
42.69566
31.11417
77.20195
44.46122
86.53640
37.73798
65.70735
64.24853
83.23771
16.56775
26.22262
38.55091
27.32963
45.57165
30.36818
55.37671
97.12460
98.90161
20.49913
91.51247
5.55488
63.90053
34.23081
21.16244
71.75871
89.37314
10.27974
70.78910
89.43821
33.85642
21.05131
29.93160
30.80461
48.65602
74.54068
57.83183
27.96876
67.64305
57.38375
40.38916
13.12919
56.49978
2.14574
3.14179
44.77536
6.24986
63.76607
34.20748
99.76331
13.34958
3.28273
62.65381
40.25757
15.55040
99.78525
72.23675
74.86738
86.90540
34.23808
59.74841
0.54057
10.36177
86.23287
83.46166
19.37887
81.00345
34.56156
69.94363
5.98246
29.63612
85.81996
26.51617
68.68390
55.28952
39.81738
84.28934
64.61845
5.73550
54.59253
7.91299
8.92799
87.63463
31.07689
54.70734
29.31161
46.39550
55.13553
13.50937
57.10336
89.61270
24.24768
23.68693
72.85637
43.66012
31.98538
96.76957
46.32495
10.29366
43.05466
45.11870
52.52079
99.41709
86.60493
51.18117
90.02569
68.50272
39.73653
95.32505
49.11996
40.48763
46.72695
19.39665
88.34582
76.69893
42.15296
8.64408
31.83320
89.91030
97.73558
93.73907
64.49547
41.60532
15.07479
18.42785
41.93343
33.63783
97.80627
50.64365
1.69787
4.23503
60.04571
92.73172
27.14515
43.32076
71.84106
29.05389
99.00652
35.78020
31.42662
0.54713
58.39346
32.43672
15.27860
1.51070
76.07983
28.47230
37.79970
4.33897
51.29281
19.96896
74.06554
75.16712
57.22849
2.01482
47.04840
69.88275
93.56207
7.95653
40.46230
41.03433
81.45367
42.84181
53.82712
4.75826
46.50391
58.21707
56.49226
84.26591
64.20112
8.54028
51.52621
76.99757
25.91669
3.44847
10.01920
53.54702
97.83637
11.81503
95.92962
57.62375
77.75512
20.27646
13.26974
5.61192
69.93366
15.28213
81.83504
77.60309
21.66331
79.89904
55.75697
83.84988
69.97573
19.22776
69.25836
67.90206
49.98073
81.86320
58.28902
64.97131
20.65920
22.28290
9.93750
51.18345
31.94645
97.91300
58.87747
13.41828
39.34501
68.94516
80.38665
63.40164
1.48982
89.56941
4.45231
53.35032
93.02766
47.44968
42.73493
41.64440
91.87989
44.70088
87.28794
77.05319
99.75966
43.79832
68.40687
61.46579
40.38748
42.09033
70.33738
2.12289
3.61786
15.27956
23.44715
25.79128
13.65598
97.51245
95.08861
77.56748
71.15960
60.13913
82.42014
27.74105
27.43869
11.16427
69.22063
29.61103
56.60279
91.57097
37.11491
35.65032
16.43500
67.50963
84.63548
80.04811
94.47481
77.86645
99.48485
63.78137
15.89929
51.77762
74.06806
4.91225
67.99167
3.26453
80.96045
70.82885
47.14848
31.84828
11.70020
89.17806
11.57991
47.84576
52.49267
51.18833
90.86017
59.80090
81.57856
56.51371
50.12439
38.09571
41.66114
11.17837
20.59776
25.68715
6.86120
18.36781
19.98944
43.71251
0.08558
3.72064
98.77712
37.07509
0.55763
88.01617
88.70885
68.33421
52.48928
6.93534
69.94756
61.37068
93.73581
59.77980
98.70691
71.51500
71.06836
52.81930
38.09595
94.94973
55.11728
72.41272
41.13804
72.67176
86.06652
42.55043
1.50866
52.21878
17.09419
87.64552
85.26799
18.47768
16.70622
85.55710
18.44362
31.57130
11.21913
14.37922
73.49335
66.95103
62.83316
1.54995
92.73413
7.92472
86.97650
82.94162
33.59973
0.39704
40.55645
41.30301
33.54416
80.94062
24.19014
3.99338
92.54951
17.78075
41.44714
81.00737
54.33190
88.88567
46.81388
2.89924
82.75921
29.89911
70.76044
29.68745
79.26421
85.58482
15.32351
90.21906
75.31801
11.18907
27.30538
62.83808
87.35556
87.95643
0.58155
2.99100
69.45644
86.81494
22.70840
69.49447
30.02528
7.61091
32.20898
38.29605
61.09469
47.58729
41.97834
33.74967
46.89652
72.63678
19.45550
78.10615
13.00922
64.08087
5.66858
31.99025
72.47049
7.59085
39.80232
77.43995
74.05811
84.67974
64.94890
28.05919
71.63595
90.84394
90.25447
38.25557
25.14046
88.69439
31.23584
40.82785
48.21780
86.86542
70.98149
93.40123
90.42944
36.30644
79.08055
13.98908
17.54304
0.59659
17.24120
65.32875
75.90018
51.05613
68.59171
3.38168
11.68543
30.17387
90.53410
81.92417
98.93003
51.45195
77.67586
37.52148
58.88005
30.62030
98.03473
12.76842
57.93853
19.08347
61.59530
78.72239
19.37609
39.47946
84.91309
87.84736
77.82311
11.94673
30.59553
76.56482
63.86954
11.48494
91.23133
20.25590
94.63663
42.80539
84.42700
14.50208
97.27696
40.25670
30.97786
53.64899
80.63324
24.65324
14.41789
37.81383
41.66018
37.96979
42.20443
27.81289
14.81555
60.67367
93.12680
69.40938
46.25885
50.23624
83.16291
24.16056
8.18647
28.53558
23.04742
16.18186
55.56537
64.14637
20.01550
58.60125
49.78480
84.35342
89.46245
67.44121
7.48385
86.88519
33.53660
82.78290
56.54439
90.29794
65.74105
78.65285
32.83174
81.27384
73.39171
35.03022
17.00744
23.37943
72.89329
50.91717
32.47381
18.34790
70.93088
83.19516
66.89710
95.21865
85.08510
67.83487
40.75098
5.04794
30.44076
10.61673
53.16455
4.35672
2.76916
29.71541
2.33517
44.24183
45.90768
72.29412
62.28965
29.69121
14.76519
56.66563
45.21401
59.34108
67.29934
6.33861
60.47434
94.13550
48.27998
48.33286
46.89730
1.19816
97.99260
63.94673
88.74091
22.73037
40.80220
42.68220
93.34979
2.75238
5.54486
52.03142
48.63905
81.29582
72.63621
47.05241
9.70935
76.22615
75.72213
56.43353
70.99311
60.26290
32.02772
73.90529
20.89750
29.60587
87.60088
13.00753
29.94084
17.41634
33.25420
22.15922
2.70560
8.54133
97.91827
74.18274
48.40864
91.52570
7.08776
63.97568
1.42112
80.89354
12.06890
12.54587
88.34411
80.59695
43.02095
59.28933
85.54770
76.56967
39.20109
22.31933
61.65858
2.73381
10.81715
34.39368
67.52374
94.50945
32.77852
16.43610
52.75790
19.66910
14.37683
43.88519
68.46178
85.01109
59.91215
87.93890
46.06419
91.41309
14.39855
