6.96308
51.33941
13.81276
30.59850
66.20959
28.58234
33.71116
17.94336
91.29918
45.35521
18.32705
11.43645
4.31892
73.24111
52.72575
80.66997
12.66490
25.45684
48.24418
0.83921
87.70066
0.48070
31.95878
96.82334
44.24828
77.04975
12.10161
79.49024
70.04486
62.79313
23.03737
10.50010
34.84432
8.53577
74.80223
8.24270
47.48894
66.75453
12.06271
64.26342
14.66393
15.54125
17.70754
90.37798
49.12972
72.32699
85.08418
33.80550
57.43187
60.53614
0.33515
99.84919
25.72835
47.30490
63.28841
21.32633
65.83566
74.30654
57.58022
67.25269
62.55582
44.48362
44.52534
55.39749
33.46496
98.48061
45.11451
74.95239
49.66668
73.42432
12.00999
74.01389
39.77675
95.43256
88.56312
32.16238
97.16647
65.26633
21.77012
63.96619
57.82047
21.64491
13.87824
59.58408
87.34741
28.42063
14.05463
41.47243
98.86287
84.30785
32.81004
2.52849
7.53637
70.19384
72.46826
81.86876
49.09091
64.93396
3.03820
35.21956
72.66859
24.13631
32.73946
58.37758
2.67391
37.67349
41.58439
41.41222
75.63994
8.76510
60.77825
20.92335
32.28495
11.87782
89.85372
81.22907
24.42048
65.78384
91.95700
20.36519
99.35275
74.21270
10.62056
92.38935
77.68456
13.01653
51.92487
53.33913
70.61984
23.58073
53.71828
70.27708
39.41166
66.54123
25.28473
14.56346
96.96007
80.81652
78.81273
50.33228
71.59106
75.90561
75.75132
59.75654
96.36146
82.41012
90.52115
58.95988
90.56853
75.95227
62.51244
17.44354
98.08594
0.99871
16.80135
94.06626
74.45686
2.57612
80.14215
8.73894
77.56768
56.39537
11.20477
63.30246
28.88513
50.44871
13.07106
6.46943
99.29148
3.51193
70.50199
86.83823
45.88522
28.16987
46.65517
87.99497
48.07569
29.46003
59.79783
9.70193
74.24065
97.65297
48.83052
99.63252
9.78790
32.33251
66.06164
9.34075
67.94512
62.41624
36.87529
19.16358
0.29790
27.04101
11.68518
86.37993
4.66534
50.55130
1.05219
18.40023
97.86774
84.74189
26.64074
97.27107
27.78823
60.48939
6.69072
23.85133
54.47072
99.12471
88.29250
17.53084
74.83956
54.57019
55.42400
15.13217
1.24179
56.59821
31.77910
46.06173
0.09855
61.07242
91.45262
51.96805
33.08508
93.10535
40.85751
77.01607
7.54829
88.31079
92.13320
65.80308
68.80752
24.91198
84.22824
17.62600
34.73767
0.85121
67.10329
94.43634
37.57942
81.43557
72.49640
75.76401
40.24232
79.90747
70.33465
43.96299
23.95868
75.07857
19.95976
18.59034
34.01641
3.97345
24.03631
94.89297
78.94287
50.15047
49.73805
96.20957
53.59333
8.42555
26.71299
37.89550
20.54129
23.03177
90.22480
27.71788
31.52059
79.18581
10.84267
39.69922
98.41950
11.30368
59.57841
4.00299
13.24005
49.94207
35.60413
65.00142
3.62112
44.81669
33.01534
19.24905
46.46799
43.39329
28.06297
18.06517
89.19334
63.45323
98.52191
4.30811
46.97318
66.86198
60.24475
25.54321
76.10953
68.52626
82.46411
94.84358
6.80263
9.10088
38.12227
62.40749
39.76001
65.60975
15.27007
93.72465
41.86903
22.86977
70.53770
28.79194
22.36565
98.23124
4.99758
72.08361
88.81544
47.72429
89.32747
30.19242
87.30746
37.12484
28.39998
50.79234
58.24452
22.84738
61.05486
84.12993
43.49203
64.37168
66.94405
94.39684
14.83068
20.26449
98.21249
78.90065
21.58722
19.24059
12.63638
66.86244
39.33399
9.12144
39.10241
29.69216
91.83567
34.43879
19.93957
61.27098
52.92965
58.56935
0.24065
59.87015
67.75185
44.39924
76.32519
79.36710
18.78097
84.03379
71.93803
46.95063
9.64553
8.94495
54.84810
22.41680
76.37025
67.77926
81.55701
44.08376
95.41338
60.16165
36.70800
97.53621
59.47387
83.11836
54.95860
92.66345
15.64277
30.01317
68.09052
35.85656
46.18239
46.10998
48.90121
50.92223
69.13132
96.60266
58.79091
22.53663
27.18032
23.24882
55.89685
52.06033
95.18140
70.48157
14.29078
0.81246
40.13337
8.19375
72.48689
15.88642
26.75197
59.31065
75.37909
22.90066
66.42508
85.57275
53.58963
32.42890
3.77122
52.45766
35.44849
4.23215
41.98275
25.17126
7.35617
60.96236
77.21790
94.77936
36.14362
53.85926
73.84288
60.89666
57.12400
39.43094
16.74756
60.81024
70.91639
35.78235
83.93761
71.58338
14.29003
3.34220
4.69834
79.83271
92.92319
56.25230
76.23788
90.03235
36.18129
71.18670
55.85114
61.38457
54.64863
33.39137
38.24393
12.17455
55.16479
22.40434
60.39460
36.05103
7.78838
97.30983
29.54991
2.04714
0.21368
0.80515
41.91898
89.09233
6.58207
60.32394
58.81210
98.27768
21.43325
90.95077
78.83819
57.62195
4.58506
63.13076
45.53900
1.53671
43.29568
25.72602
52.73765
10.76506
15.76094
12.94087
1.36738
90.08325
86.60306
14.21110
94.70913
4.07294
44.53919
31.32469
21.36684
27.34950
61.35067
7.31853
40.80901
33.16521
3.50617
5.18101
75.23308
98.47172
50.49812
57.61664
23.47365
3.25190
41.74804
28.33271
