1.31005
3.55500
1.53914
3.35075
3.93600
2.07823
2.67967
1.84692
3.58906
2.91648
1.30372
4.40261
4.81207
1.05648
2.07281
3.50848
0.87085
7.98756
3.47400
7.42489
2.29759
5.28291
1.01269
7.00380
4.16321
3.41632
0.33398
0.45873
2.07404
9.55626
0.41493
3.63126
2.25771
5.12600
1.97050
3.51059
1.71974
5.37479
2.16105
2.54398
1.19162
1.05641
1.23848
5.31533
8.49654
2.90934
2.90299
3.05452
2.95276
1.01904
1.44893
6.70567
3.53646
3.87258
4.29876
2.89581
6.47955
2.54202
3.12815
2.09460
2.33335
2.84380
2.60906
3.58167
4.17625
6.64716
0.80917
3.55658
2.97165
2.93505
2.85624
4.65915
3.84225
2.62318
6.87036
1.22787
5.15994
3.45308
6.41099
3.46870
1.17372
3.39307
8.16410
1.12380
6.94479
4.08407
3.83406
3.34765
3.20337
2.83719
10.10787
3.24387
3.04938
5.76501
6.52330
0.20814
3.48813
0.11977
4.14443
6.11007
4.86309
4.68433
5.44307
3.17664
2.21127
4.38954
1.05439
1.85971
3.88544
4.49467
3.52788
2.18360
3.73941
4.48648
4.19157
2.37622
4.64929
3.31726
2.23116
4.67905
3.08967
7.40182
2.38147
5.80411
3.71522
2.17007
4.90773
3.53514
1.00238
5.39437
2.93323
3.86029
9.12890
2.76816
4.52359
3.06865
4.38287
2.89085
8.65349
4.78208
3.91441
3.83861
4.62858
3.96985
4.98457
1.74591
4.12943
8.28011
2.65699
1.24898
3.05810
3.86076
2.77435
7.11543
3.50126
2.17677
0.94852
4.32306
3.30549
2.33681
3.22898
5.20023
3.89569
0.98725
6.82581
3.91853
2.34587
2.51672
3.83247
3.33230
7.47400
3.88248
4.49451
4.35902
6.00077
3.11854
4.65769
5.23495
3.49440
1.32050
4.54851
2.92562
8.74548
5.09693
4.11424
3.81197
2.80863
4.55768
2.70345
4.07173
0.83962
6.47295
2.76747
4.74690
3.32495
5.70389
3.36309
5.12734
6.70900
3.75809
2.97529
3.11532
6.05818
2.04716
2.12901
2.08709
1.94611
4.86585
1.43687
4.88582
4.91698
3.52240
3.69122
4.60473
4.00037
0.69579
5.25396
1.60258
1.32546
3.20860
5.69903
2.44741
6.38054
3.94710
5.33691
5.39553
1.23641
3.53406
5.33790
3.97525
2.51822
2.26409
2.07935
3.73737
1.63042
5.90649
2.46937
0.74552
7.40010
7.98875
7.48990
4.72847
0.81476
2.23362
6.23565
5.06220
3.00596
5.51900
1.62716
4.10642
0.31890
2.41124
3.94143
5.78224
2.57253
4.94924
5.04002
6.47598
2.09232
4.25807
1.46753
1.04737
2.53041
2.92367
3.11760
5.77650
1.55685
2.51019
4.09625
3.34604
7.86657
6.03956
0.70047
4.15432
2.67218
2.11694
2.94426
4.23004
3.02663
0.36183
2.59430
5.35674
2.94913
3.88380
3.78781
5.99289
6.46201
6.62546
3.30005
5.08015
4.83313
6.51103
5.18242
5.04153
0.96086
2.35493
2.46424
6.85788
1.46004
4.16941
1.56129
4.52323
3.35140
2.49390
2.56683
3.01959
6.09324
1.76055
4.19107
4.15843
1.17317
2.02263
5.31999
5.04054
2.57899
2.44282
3.42104
3.75935
6.51250
4.92497
3.79198
1.43978
3.36646
3.19070
5.06626
5.59395
3.48484
0.68475
2.83112
3.62943
7.05600
4.25282
1.18373
4.55118
2.83369
0.38415
1.98438
6.79072
3.58933
1.77591
4.50223
5.17781
1.34990
8.83817
8.94564
6.64555
2.38297
2.80372
3.33207
6.06141
1.15930
5.49389
5.74551
6.47121
8.58626
6.66489
2.05517
4.60345
3.12533
4.62439
5.16510
3.12161
7.59141
0.60004
4.28207
5.90160
3.63769
2.02640
3.41981
4.50596
1.63427
0.76771
2.45654
2.64695
6.15988
7.48683
3.50696
3.27109
3.26415
3.99578
2.62471
1.99404
7.04088
2.38417
0.69777
3.81726
3.45287
2.84983
4.61858
4.14997
2.72573
4.10131
3.60512
0.80139
3.82501
2.56658
3.33082
10.19917
5.55088
4.58991
7.98842
3.05144
4.21273
6.50530
4.89148
2.94278
3.19098
1.28511
4.21293
2.57960
2.27757
3.04526
5.74667
4.80024
1.24279
2.37807
3.44628
6.63751
0.77113
5.92864
4.52120
3.75374
1.90513
2.13088
1.18058
5.57454
2.38316
5.79414
2.57638
2.98966
2.64605
5.23493
6.08318
3.25352
2.55577
2.10962
5.85517
5.96124
1.90089
6.74106
2.46456
1.49848
5.75561
3.91454
3.91070
3.75252
0.33198
3.66897
3.29886
7.93630
2.90365
3.60246
7.18250
5.30047
5.13428
1.38873
3.34063
4.60074
3.46568
3.83801
5.12804
6.02593
2.34312
3.10913
2.97378
5.75053
3.52361
6.33614
3.11688
3.47155
1.61009
2.22276
2.82609
5.04274
2.14346
2.18096
2.30092
3.17969
1.21439
1.82782
4.76132
2.90755
6.07088
3.30001
2.59982
5.94541
3.36786
1.61022
1.51613
2.80771
1.51683
3.28577
4.94457
4.57788
5.53376
1.94606
3.18723
5.73398
4.50533
2.29417
3.78263
1.04295
3.60615
0.96111
4.30523
2.99344
2.83012
4.18253
6.02226
2.37462
3.48643
1.50231
0.50335
2.60786
9.11530
4.26873
3.33048
4.88430
4.97203
2.13730
3.48854
2.60151
2.99382
3.58722
2.08250
3.24065
3.77932
3.10647
4.26764
6.68205
2.37536
1.96583
0.67751
0.84835
1.78079
5.73990
2.96136
1.58574
3.40104
3.12689
2.50229
3.02185
2.97563
3.15049
6.50759
9.44787
5.83408
4.99717
2.62578
2.09858
4.55102
1.69909
2.50893
2.54931
5.69884
0.48230
5.34235
3.68604
5.25320
4.69117
1.25717
4.58126
3.49190
5.94019
4.73643
2.12331
8.64007
4.01964
2.27200
3.68114
1.96503
3.04484
2.97055
5.45080
1.00591
3.55932
5.97409
3.00587
3.57591
2.85244
2.71178
5.30613
6.07771
1.78278
3.32007
2.28749
3.98626
3.89702
2.83814
0.84124
2.91635
4.22480
0.46474
1.95449
5.46846
4.16496
7.03416
2.01448
3.24156
4.00331
2.72652
3.63301
4.42620
0.66315
5.77467
1.68435
0.95909
7.12247
1.95777
4.63557
2.30903
4.44630
3.71169
3.34077
2.04323
1.39940
7.25306
1.99038
5.96991
3.30090
2.44276
2.38031
2.94721
5.33664
0.99172
3.75636
6.32581
1.55048
2.22271
0.95513
0.74669
5.61990
1.10883
2.65277
2.21327
2.94693
3.34312
2.48010
0.95887
3.52782
2.18964
2.96201
2.52608
5.07412
0.90007
3.18470
3.12405
6.33286
4.06642
1.43548
2.95757
4.22933
5.02390
1.27774
4.71727
4.33997
7.44144
4.19912
5.23549
3.19710
5.52204
1.27156
7.07864
4.58812
3.66079
8.73539
1.98062
1.37226
5.67895
2.65943
1.62065
2.28300
3.56012
4.82455
3.14072
2.16219
2.35185
5.12695
5.72477
2.34377
2.97496
3.84358
4.41378
2.70000
0.83707
4.75064
2.87737
2.70400
6.43301
2.25988
0.95908
0.84104
5.24612
4.28812
3.49769
5.67383
3.14428
7.25216
7.87148
3.53508
2.19238
1.90088
7.98115
2.53610
0.60699
2.57932
5.76358
3.39219
4.42242
0.64446
1.52513
2.13321
0.97363
2.74078
0.95271
5.31818
3.77684
4.69452
2.07257
4.53428
0.65333
3.45965
3.52209
5.65545
3.65717
3.91095
2.58141
2.96977
5.70646
7.35139
4.31200
5.68262
5.83609
3.36337
3.88852
3.66912
3.51121
3.04184
1.88813
2.82197
1.93342
1.71821
5.50224
0.31845
4.81509
0.93547
4.84696
2.61884
4.89569
2.09698
6.34424
2.73922
3.66821
5.11012
2.11956
2.82809
1.15354
9.09233
3.94333
2.37396
5.05857
5.80976
2.15863
2.70073
3.93436
4.16741
3.34733
5.65401
6.41855
3.04273
2.56243
3.34124
5.92212
2.44455
6.45666
2.52595
2.13349
3.29062
3.67600
2.73793
1.39507
6.13234
3.27084
1.33434
3.27680
3.07285
1.05967
3.04214
1.04788
5.00492
2.56033
4.22101
2.63702
0.93283
3.64538
1.22539
1.81144
6.28687
4.20937
5.01625
4.43892
3.08343
3.44003
4.25808
4.38161
4.35569
5.18820
2.69196
2.45262
3.57111
1.65810
5.84242
3.98623
7.68965
6.65328
2.44319
4.25237
1.20195
1.09024
3.86286
1.54851
2.75143
2.25745
4.31641
4.81245
1.25799
7.34005
2.19167
7.78551
4.73459
5.68886
3.77069
4.35610
3.46975
2.84556
1.55038
8.69559
7.12708
0.40744
1.85881
1.51052
3.37117
4.02099
4.65493
1.12791
5.45737
1.90792
0.61736
3.69283
7.56677
5.24803
0.82719
7.80263
1.45582
2.53816
8.90515
2.73580
1.28797
2.40617
1.53982
3.66631
4.44788
3.19920
5.14931
4.40926
6.57812
5.42047
2.57571
4.02050
2.87813
4.17533
4.95388
2.80691
2.21214
2.64981
8.22646
0.95723
7.97243
4.82349
2.23121
2.85343
1.75879
5.39983
2.66499
4.98855
1.58582
2.84396
5.90898
4.61216
4.52075
4.64510
3.65858
5.59528
7.13963
2.51837
3.72551
4.45758
3.79043
1.47237
4.33764
3.57060
3.69843
1.73673
1.22743
5.63955
4.72086
4.52350
1.91873
1.46012
2.29824
1.93189
3.67752
3.39708
3.73568
3.44448
1.36938
4.69605
3.64599
2.71972
1.22717
2.71054
1.49716
2.26507
1.32086
5.11884
4.12605
1.76217
0.86884
1.28306
2.99406
6.99395
6.34951
5.54206
1.64050
4.81589
3.82362
3.05103
1.96262
5.10331
6.80812
3.41513
6.61673
3.57043
5.44420
2.24141
4.97245
2.67104
6.98767
1.39480
4.66473
2.89219
6.93228
2.29935
4.56973
1.05110
4.90945
2.69294
1.87663
3.56847
3.03869
6.06674
5.32377
4.98437
1.68882
1.29646
1.91633
2.92302
4.75078
1.68538
2.04219
0.91059
5.75776
5.32746
0.94888
0.82542
4.19708
3.75790
3.90738
3.41890
3.64415
5.07894
0.15381
8.05145
2.62868
2.73011
2.35290
2.97770
1.64186
2.73872
7.57673
3.45174
3.59507
1.90735
5.07149
3.90711
4.35715
8.08867
1.80285
0.82210
3.11221
