3.94390
0.55359
1.81638
6.78512
9.39493
1.91862
1.14252
2.47688
2.49094
3.73108
8.97597
0.86641
0.54939
1.88364
4.02874
0.73508
1.05769
1.21115
1.38747
3.56763
0.82017
2.17556
1.61919
0.88262
4.36251
3.87981
1.58957
0.76825
0.26123
1.01522
3.39071
3.43093
0.37349
6.56901
3.93896
1.78437
8.48121
7.14260
4.51918
3.15693
2.05990
0.33504
2.13178
5.74635
0.13385
1.01657
0.53741
3.96475
5.98778
3.09031
0.93401
0.79080
0.27489
8.28408
2.56519
0.39272
3.54462
4.28651
4.87330
3.29123
1.13999
7.29313
9.25056
0.32387
5.24477
1.60215
2.82475
8.64509
3.77234
1.20462
0.64116
1.48861
3.37418
3.93818
5.71882
0.79125
8.00877
0.64119
0.35543
4.96401
2.82180
2.48568
2.86520
0.79093
8.35710
1.28285
2.63820
5.03818
8.38032
5.62659
1.00991
0.71164
5.19434
0.72525
2.97472
1.92764
1.94890
2.75614
1.10461
6.06118
1.38508
2.10172
0.84841
7.82369
11.31353
4.56681
0.83852
1.70737
4.73096
1.45312
3.13325
4.12578
3.47314
2.50261
0.49489
0.99579
3.67652
5.91694
2.94016
2.67135
2.30184
4.58781
5.44964
0.82349
0.34891
3.18955
1.95161
6.90435
0.81426
1.73266
3.57508
5.24410
5.00700
0.17054
4.27330
0.62257
0.32250
1.22300
1.50790
3.40305
2.93256
4.01881
5.76834
7.36406
1.50944
1.81105
1.29973
3.68957
6.18249
4.37797
5.65399
1.18239
4.51926
2.51042
1.32566
10.02891
3.26360
4.28403
3.27159
4.34371
1.43142
0.08153
0.31377
1.42000
4.75989
5.86404
2.84163
4.20857
2.92524
0.55510
2.69690
3.02436
5.84620
1.82531
0.50013
1.13171
2.32680
1.26388
4.47626
1.28825
5.94738
1.04482
1.04519
1.46330
2.15452
9.60470
0.98120
1.95040
1.81745
2.72664
3.17419
4.92205
0.76110
4.30416
4.25078
2.36351
0.62373
6.55669
2.45376
2.44856
2.60770
1.64679
2.30408
4.11410
1.77092
3.39695
2.68698
5.02414
3.29523
0.91659
0.83251
1.83385
2.20389
1.54048
3.16832
0.82780
4.19098
4.39679
1.20803
1.02485
0.17350
6.49238
9.66185
4.41010
1.41845
10.29334
1.81893
3.95748
3.26277
2.67501
3.63938
8.16630
0.84155
3.53007
4.72591
0.46222
0.39362
1.64737
0.80087
0.49653
8.54829
7.61557
3.28696
4.80179
5.74017
2.40057
9.74807
0.29335
4.47277
5.31592
0.85965
2.27107
6.18144
2.27209
3.19712
0.27024
2.28452
1.24559
0.72423
2.59139
1.58217
3.44324
1.16929
1.49508
1.72684
0.72995
1.01606
1.79442
1.85968
4.22991
1.61414
2.21762
3.03093
3.51111
1.55467
8.22058
4.39045
6.33337
4.26165
0.79090
6.47653
5.20990
3.28682
0.03691
1.99162
0.62313
2.32136
4.03414
0.57328
1.54744
1.07731
6.53145
1.35083
2.19088
1.90306
3.33169
3.31175
0.42650
2.51817
4.25433
2.54130
1.42566
2.30345
2.59673
2.32916
0.42497
3.82055
9.99941
0.23626
2.64551
1.05258
0.33143
0.77825
2.18536
2.66762
3.99480
1.98338
2.02906
0.58721
1.26368
1.25858
0.64190
2.25526
4.79717
7.04676
1.42425
2.97999
3.75859
3.28018
1.81657
1.57736
1.65134
7.13158
0.76035
1.65056
1.38551
0.68857
3.56789
1.01753
2.44821
7.38405
0.44096
3.98485
1.55946
0.59182
0.11517
0.82489
0.71588
3.64917
1.71025
1.31200
3.09287
2.92251
1.08799
3.26433
0.11098
1.24423
2.88509
3.43906
4.45818
2.10480
1.81989
1.25775
5.92652
3.00789
0.75605
1.19899
2.85258
10.96973
1.77808
2.44375
6.96185
1.20067
3.95275
2.18559
0.58517
1.12757
4.48207
1.22291
2.83672
3.53201
6.29007
4.69168
1.91665
5.76430
2.08019
4.69698
0.31337
1.23265
0.62526
5.65110
2.01668
6.38038
0.96390
2.45728
8.94078
2.60865
1.84444
4.35536
2.08801
2.23044
2.71854
1.81281
18.08790
2.03546
1.33674
6.69933
3.65444
2.59512
5.81975
1.22690
4.23181
5.63330
5.79335
2.06936
4.03704
1.21346
5.92988
5.42337
0.37171
1.42520
0.89713
2.90825
0.30046
6.96411
0.83334
2.98827
0.40396
0.98776
2.10038
1.28007
0.25078
3.79564
2.88522
8.21350
4.56957
4.42991
2.19991
2.11537
1.58752
2.44618
7.11564
1.89590
0.39262
0.68341
1.36072
2.02295
0.45883
0.77797
5.00062
1.18901
3.58531
7.61331
1.12393
5.31712
0.51994
1.86999
0.85477
1.11632
2.38458
8.53572
4.43137
1.53226
0.70811
2.14459
2.38970
2.37087
0.07246
2.48215
2.38384
4.70246
3.94412
3.28663
0.48987
2.48776
4.75224
5.10949
6.47173
5.34744
0.50210
7.47459
0.94936
5.00984
2.26375
0.70201
2.16105
4.62831
0.66217
4.41771
0.88106
3.16008
2.65243
2.03559
0.93256
0.58174
1.81235
0.02720
1.01247
2.73342
5.42360
0.40614
8.07219
6.13199
5.04562
2.23207
2.91189
2.40438
1.26845
1.97528
4.06501
4.06238
1.17731
0.16539
4.32732
1.08888
3.39831
7.77388
0.48643
2.18087
6.14245
1.89767
11.92903
6.90558
1.15914
4.91157
0.71604
7.31622
3.80795
4.55837
4.84432
4.89026
7.55041
0.91523
6.63771
7.05037
0.47987
7.06467
0.32029
0.13144
6.32638
4.37281
1.53568
2.78015
5.42684
3.02405
4.10064
0.68225
4.39102
4.67277
0.07818
3.01056
5.54579
0.54158
7.01241
3.94896
1.16345
3.90357
2.64192
4.64870
0.25011
2.96209
2.13909
0.56007
2.39387
5.11803
11.06062
1.01105
5.32241
0.83018
2.39326
3.57697
0.87709
1.21528
1.42277
3.69261
2.18943
3.27136
0.22340
1.21929
2.38632
2.75485
7.25060
3.08390
0.26979
5.88670
0.92771
0.81727
1.88602
1.45216
0.57556
5.44122
3.61522
0.55541
6.44325
5.23301
0.71012
2.51636
1.90975
1.35092
0.85496
0.17544
1.70103
2.09833
6.78386
0.84358
7.66170
1.15228
2.78096
1.46334
2.60615
1.84382
1.44788
5.55412
1.04465
1.12420
2.33457
1.33902
9.12690
0.10749
2.44104
6.05367
0.25287
2.88908
2.66145
0.79239
6.61868
7.83909
1.02589
1.64034
1.19487
9.33698
4.35183
4.46513
0.59958
4.83994
0.81630
6.98075
4.07888
1.04279
0.96029
0.43034
5.39300
2.92439
0.51148
1.39210
2.88332
1.74023
4.19953
4.45196
2.80119
7.36589
0.14733
0.30591
3.65926
5.00819
0.84187
2.96050
2.82434
1.28836
1.31804
6.52075
5.18843
3.90141
1.42669
6.87879
3.23199
2.13798
2.55879
0.01115
2.92593
1.15908
1.08566
3.40816
1.28549
1.43514
3.91772
1.91847
6.33475
4.73595
0.87505
0.74609
1.38512
3.96577
3.75823
4.25624
3.30301
4.80621
3.29887
7.45461
6.12799
7.97257
1.18597
1.27643
4.90264
1.36369
6.74223
2.44041
1.76077
0.73347
7.90724
4.24156
4.84368
3.50144
6.43434
7.03282
1.48070
0.70250
3.07893
2.35187
3.95252
7.35138
4.13592
2.04579
0.45828
5.20212
0.94710
0.58382
2.42773
1.52846
0.52609
0.46115
1.23623
4.89284
3.24295
5.29348
0.30135
3.02430
5.09255
1.79071
4.81051
0.62523
4.50134
1.36982
3.07203
3.53951
0.56957
1.67022
1.40704
2.64550
0.51916
1.01957
5.65177
1.05092
3.29787
5.91434
0.95354
2.75989
0.80424
4.64049
1.52619
9.95039
3.16870
1.32502
2.78796
1.15174
3.42826
5.85594
0.94294
0.78686
5.37139
0.49235
3.13003
3.30520
0.19906
1.38323
1.03161
4.58719
4.96686
1.28591
1.73532
1.45968
2.22920
0.18241
2.13533
0.63033
0.86895
0.72982
0.45286
2.64413
0.23353
3.65789
3.85938
7.32434
0.22001
0.59275
2.70233
6.54791
4.17043
0.56290
1.26507
1.76279
0.85148
1.45619
1.10424
0.63851
0.57748
0.50471
0.85770
4.96779
0.68430
6.00268
5.22599
7.40030
1.03933
1.18215
0.64768
1.49842
1.56134
1.20778
5.94072
1.33792
0.86171
0.55789
3.19548
2.16996
2.24240
3.73863
0.74706
1.05187
4.25740
5.28493
2.56598
5.40829
0.87622
4.11535
1.32960
0.63103
1.92889
2.64379
0.74851
2.45874
1.95970
6.35111
4.13485
1.89583
6.95129
1.07044
1.14523
1.55166
2.24973
1.34323
1.09557
0.63626
2.58050
3.30402
0.54411
1.14494
4.16502
1.63276
8.26978
3.45651
1.92393
0.16002
2.35817
2.43578
3.52081
2.22831
3.37295
2.03518
0.63943
0.73273
0.53452
2.56151
0.55218
8.06336
0.34359
4.10704
2.95925
0.44798
4.70803
4.56640
8.46806
6.12382
0.12333
2.17093
1.82923
0.02565
0.45324
4.55007
2.02806
0.29122
1.41871
2.66360
4.84346
1.64009
1.85944
1.94267
3.76597
0.57240
1.03124
0.90495
2.75750
7.35706
6.17095
0.64055
1.56076
1.78118
1.38912
0.96537
2.69653
2.14513
11.70589
5.13400
2.07055
1.81475
0.27409
1.69327
0.79768
1.73362
3.52935
2.17102
2.91299
0.71955
0.09876
5.89574
0.93496
2.18138
10.80593
5.44955
0.44399
3.75134
0.39116
1.49528
1.37486
2.43868
0.17754
0.57286
1.08191
6.16123
2.98305
0.14598
1.84467
1.92713
1.22520
5.67372
0.83937
2.48995
14.46051
1.92144
0.80430
3.55505
2.85551
2.56572
4.59510
2.92465
1.41359
4.90773
1.50603
5.16257
0.97561
2.48611
2.76031
1.21385
1.04347
3.72790
4.82261
2.56751
6.46817
2.26892
0.93176
1.23958
0.29066
3.65466
2.80441
8.06157
6.79698
6.58145
2.80887
0.67154
0.21918
0.08990
0.74146
4.90699
1.06612
5.04090
3.94601
3.04646
3.10546
0.69808
3.01795
0.36183
3.99597
2.52287
7.01850
4.64282
1.39556
4.42433
5.20922
4.01796
11.76423
1.24824
2.68495
1.68491
1.54400
1.14723
5.06536
3.33702
2.50188
1.61123
6.92558
