119.21475
80.34683
109.71238
113.42420
107.88661
97.53446
87.59350
132.14617
116.81257
98.23714
123.83108
122.02596
96.22068
152.84525
73.55323
86.63866
72.83375
100.54707
71.68950
94.07994
131.66548
104.92667
74.73644
73.85993
127.12565
72.13497
114.68308
91.56357
85.63895
94.39931
123.67054
102.07014
122.54212
88.26014
87.56911
101.91854
103.45003
106.88835
118.20898
55.30224
83.89011
111.65126
86.55076
65.51361
81.40295
104.66689
101.13576
59.97252
101.64197
104.14460
83.55336
103.21658
111.17739
68.09911
115.60496
118.32410
84.22243
116.61579
87.03523
99.63090
81.09232
86.23937
122.78089
82.12739
92.84149
97.61267
139.60123
86.22092
91.94554
122.24372
119.84358
86.26015
67.72347
72.96499
91.57078
91.69533
87.30600
46.96981
97.16485
90.55529
96.44128
128.98327
107.77635
100.31482
102.93818
109.13421
103.55323
118.69131
82.89024
79.31035
159.84404
102.25442
90.72969
94.66511
57.57765
94.97639
98.37326
115.92859
118.60798
106.51408
117.54279
99.07894
121.68853
128.77806
79.64492
78.28233
117.49558
128.38770
79.85787
87.02596
106.47560
104.21360
64.03324
106.13853
121.21862
92.74281
118.78249
104.41073
71.45936
103.06566
126.30957
112.81966
93.10234
67.20115
100.20498
56.97810
62.02872
96.38194
114.31856
102.96713
114.38461
49.39075
107.48459
86.38580
102.03368
67.75839
97.58136
111.28673
128.75603
115.41533
78.27354
123.15919
121.53024
85.82019
109.63232
117.36696
88.67772
96.58200
104.48256
94.95997
107.25075
101.64604
58.81045
63.95833
109.66585
133.39468
102.59042
79.48734
90.17102
94.15602
108.78792
93.65237
141.22954
100.44776
59.57622
108.74571
94.27049
98.52388
135.25032
126.03124
83.28419
89.30857
77.02862
81.52918
119.46076
147.98351
117.75043
82.20582
124.23893
74.20866
96.99013
111.49263
96.10677
114.86306
66.16289
119.86037
119.20250
108.93515
140.87855
100.70594
94.91499
92.82094
117.42765
87.68941
90.64076
102.64965
90.69380
88.56076
117.65021
117.40149
117.19069
108.01125
81.80236
111.77629
117.09526
102.52467
66.97505
112.69647
92.20637
91.66117
96.10221
139.35690
90.48602
86.31833
116.45254
100.38036
145.44112
97.25963
101.76283
108.36110
103.55536
82.75822
88.95609
75.87094
67.41363
66.79111
127.84959
85.16731
108.88970
95.92041
92.26855
110.06518
86.24666
93.57607
84.52835
129.39127
81.07962
124.96233
76.72739
104.66175
73.85350
80.21667
117.10979
127.35741
82.31768
104.60830
116.39410
115.30112
77.64287
122.59605
73.02278
74.50491
105.81228
128.36979
100.31636
113.76379
109.42495
91.08753
96.45275
98.06893
118.94214
101.60977
109.73315
153.97466
114.18976
69.61475
131.48745
78.47661
103.89989
90.98342
121.34758
104.48676
85.27101
75.12917
118.17922
55.64417
127.58657
88.35421
97.88303
89.93011
129.91088
95.15295
111.28887
89.25975
90.01618
122.76571
113.62527
79.30186
77.63182
123.84976
66.36585
85.95487
102.61325
99.23932
117.18415
102.70572
102.92874
102.60452
71.54351
91.52731
84.74631
102.02834
136.88886
112.77287
125.47839
95.89264
100.77815
108.21364
89.44519
94.65670
102.78994
112.98281
98.85118
139.36556
89.86799
73.00607
80.11156
93.38284
77.51028
116.28332
103.69698
107.89248
80.74214
103.93455
98.19389
107.48070
103.84718
123.21414
79.54273
136.01911
86.53021
97.51296
92.37285
110.62051
127.82269
101.36581
96.14470
101.76264
49.85296
123.48019
109.63345
100.75005
99.29874
99.65348
92.63881
92.97431
103.44761
100.00148
118.23884
74.49456
99.00756
116.02841
103.88843
102.07865
120.23901
99.20279
110.76930
83.37329
104.22430
134.55476
120.41252
109.59255
113.31964
86.39877
131.75573
130.15588
116.70190
98.41737
99.33663
87.51562
98.28539
113.86974
115.42867
106.60397
96.08947
113.78671
81.79801
127.70087
103.83054
98.20312
103.96545
135.51854
83.72861
112.24657
76.56872
118.11129
101.50827
130.96712
117.52578
108.09625
83.55238
101.00811
100.51412
116.07687
135.58480
119.36364
120.69391
87.21112
56.38031
97.20722
106.15447
63.22052
113.44831
80.72839
92.56942
73.57892
66.52727
75.75644
53.02854
83.45594
108.64133
53.73562
144.23190
80.90429
104.39860
91.70180
98.98738
123.83237
101.30183
100.97372
74.65802
121.82327
100.60889
105.65763
100.68316
93.52062
120.28787
81.81971
54.12052
119.98108
108.82717
122.60636
101.79204
87.74929
122.09646
119.24054
124.28501
98.47946
72.19279
82.15672
74.06921
80.61506
71.04852
85.03217
127.28523
102.91281
135.76197
110.21541
108.17034
102.99028
144.82537
125.98360
103.75906
101.79127
131.82915
86.26689
116.22169
109.83378
118.16715
89.96044
78.95307
69.22409
129.97336
142.73414
90.02723
86.90190
102.57008
156.04807
95.81032
87.73068
92.69535
110.69539
68.40027
95.89684
88.49947
103.66795
82.47539
117.36556
103.88035
142.75140
104.28847
130.14638
93.09086
136.64145
141.49925
128.08968
92.61885
92.83843
78.52440
69.87742
93.01662
106.28410
98.08282
119.15552
114.01862
80.00066
71.02221
120.98343
56.84829
83.83866
91.76419
110.37290
83.87625
114.10915
99.06145
104.18677
77.01868
106.67222
106.43087
109.89436
108.45524
93.42913
100.74080
108.18297
91.62823
100.23401
91.25063
86.07716
89.03000
99.63454
108.11257
94.27120
124.29769
113.55957
135.08923
72.41059
100.83280
90.37316
77.09423
84.79782
80.59663
122.77026
158.92850
71.78904
92.20537
107.50328
122.94928
101.33881
79.99958
78.04316
91.07953
112.86720
115.44488
93.60152
110.92952
80.14103
95.08659
83.69354
91.08486
89.52979
81.37876
96.11536
96.19734
80.83462
105.74345
133.68380
118.15518
110.40630
81.46469
117.63615
82.82382
116.61402
102.24601
115.92774
94.94776
64.64042
93.00000
93.49289
98.25789
117.40445
92.09428
97.94831
106.61217
94.82140
101.36215
127.96881
79.77938
116.85516
117.22760
81.90608
95.46268
77.71610
82.60680
106.62849
106.75060
115.15191
106.60667
99.59293
113.39464
74.42495
123.09815
116.21814
124.31406
111.52090
115.78682
112.50141
118.44132
65.17283
136.28319
112.52209
73.79433
109.56347
83.56323
94.55482
120.49997
91.84720
99.40672
115.31054
61.12507
97.90141
58.61457
88.58263
84.57402
66.98619
84.71631
101.71328
87.73836
92.25335
54.81462
72.66828
94.57473
139.02260
89.23950
67.01395
72.26009
73.42482
112.22556
125.33638
87.32876
60.05328
89.52413
130.64728
98.66031
97.57575
106.91394
117.62291
74.72443
84.69936
70.04580
67.26946
130.39261
79.90562
95.18298
92.41549
111.49095
65.29983
117.72954
84.53331
115.62651
96.45048
88.36585
96.38953
89.97015
52.29572
99.08088
124.08115
100.38147
85.02001
74.65107
121.04677
125.01856
113.63293
123.98991
116.74907
50.64725
79.29546
90.67639
92.38123
67.48252
79.08002
108.68280
85.25420
97.58386
137.75955
81.08715
90.71489
108.56557
91.33406
77.16332
111.58856
117.80161
75.12391
87.88540
105.60398
100.33375
106.24609
80.65536
112.03478
89.95448
94.27786
144.58935
90.45907
105.99077
97.68680
48.75228
71.81993
110.95258
84.67616
63.13499
107.39831
96.40995
99.12598
122.45092
103.52826
49.73675
107.31801
102.73299
115.55032
109.83377
125.15504
72.94522
83.34354
139.64305
103.68302
127.07739
94.38615
103.13040
120.37573
74.69339
103.62452
90.35636
90.33722
105.91348
95.90503
96.67900
100.53147
127.97367
102.19675
77.19891
92.93151
92.75741
99.73911
107.14114
105.68438
65.21157
109.62289
105.53365
87.68050
100.28756
92.90034
127.20860
106.31414
101.44413
102.13443
79.74003
92.17531
91.39338
145.69167
94.30672
95.68796
70.14010
112.28011
78.47831
119.17430
103.85363
107.22395
100.54023
107.04446
123.28496
91.41622
92.96514
98.12996
79.16416
87.67010
59.40703
99.90515
119.58177
146.95228
101.38183
151.85602
97.93597
113.14994
137.70738
116.27269
78.06865
118.90727
77.56277
55.32112
122.81979
121.84753
131.82360
88.83763
93.57627
110.68543
90.63687
131.70599
110.93687
70.74489
69.15489
110.76162
88.58859
129.89192
109.99045
63.47635
110.99900
82.46402
67.87865
74.08179
87.37461
101.10907
84.03158
88.03004
96.90764
115.51160
131.54577
132.75464
94.78589
59.27809
57.56127
85.12243
110.88538
98.48644
109.69346
116.07405
91.29268
86.53456
126.04706
88.09594
114.42215
64.34751
100.17185
94.58883
123.18891
78.89266
64.76556
101.98233
78.26664
108.49839
86.28469
127.16737
87.36665
141.66041
98.18782
84.54216
115.59004
103.38619
103.08936
87.08248
98.74725
57.97716
56.45125
114.93883
83.22664
106.81245
77.47422
103.16007
68.10515
100.90102
93.32348
106.19522
82.07088
121.79710
105.82969
91.40989
94.46943
101.63260
79.33633
58.91016
118.73740
110.31387
100.44770
92.55401
114.09671
52.39319
105.40875
109.92200
114.11460
111.50440
83.38036
117.03373
116.78173
126.46406
74.41563
53.14069
120.95855
96.33569
74.47037
131.47345
133.37701
99.98925
104.86523
95.33803
87.10065
126.73745
125.85872
123.74802
75.44026
86.04997
89.05011
84.20312
94.96531
98.24662
117.96268
93.07075
100.98674
60.80090
94.79408
114.03600
100.27481
123.63756
125.69778
113.64316
117.30249
74.30083
75.78724
98.03802
129.48533
120.37892
130.22262
80.42979
105.65427
99.45954
102.45569
127.57885
99.43449
88.72782
105.45778
99.84300
100.81981
98.91055
144.48119
87.27748
103.12292
80.45601
70.61867
137.03007
83.45088
35.36320
95.75017
98.71303
98.79091
84.70823
125.49833
131.21932
58.06206
127.87064
119.55733
98.04279
94.61391
75.39834
91.61352
93.17585
112.44166
102.29609
143.90489
90.68212
104.89007
101.42874
77.25244
78.42932
96.35939
120.40467
117.09149
93.04152
94.84579
85.53094
119.86856
80.49416
99.63289
88.61513
116.22663
107.52468
98.62600
136.03232
93.33704
123.49211
114.16223
96.40411
62.30451
116.50560
110.06448
103.12776
111.66741
88.79966
94.91440
102.62292
55.24570
116.85746
114.65464
107.88044
117.20494
100.85983
114.56913
76.55270
82.73733
103.16628
93.78440
107.43144
93.80577
116.97974
149.06504
113.95631
105.62768
105.27186
146.42681
113.95265
127.07780
136.94029
140.12132
132.95421
