61.90495
83.58942
90.51100
31.60987
52.85154
90.65674
49.41448
50.46372
3.25410
94.78270
80.42140
76.00352
37.86310
35.34797
34.42156
29.91352
26.78953
14.14920
72.35767
18.70101
91.92463
13.76190
3.29857
12.06324
62.19303
24.61712
30.12429
83.42166
89.73529
91.31228
17.63133
28.03170
10.32089
39.59533
38.65147
75.44838
49.40558
12.26296
39.34974
33.73512
33.74128
52.55987
91.71863
9.01417
43.82014
41.30406
54.48631
40.43499
79.28800
30.79221
19.40762
60.94711
0.09617
6.21152
0.63241
25.57778
90.26948
29.67426
81.47796
2.00916
89.64933
93.79587
85.25001
46.40244
68.87824
61.35248
23.42710
87.65550
1.36742
88.37361
3.06192
47.62602
15.55116
46.92879
62.06972
30.57610
39.73575
26.92613
30.73678
92.86522
2.48723
72.27969
25.78825
30.49199
93.34969
35.30412
6.08093
87.41346
2.27223
98.38684
97.03064
11.42585
15.65199
98.09213
70.43899
1.85144
2.61583
61.10785
76.16864
82.56432
51.63772
49.44315
53.42498
12.04469
92.94773
89.06996
57.56862
4.95568
53.89450
76.77637
42.67315
59.75989
82.79293
27.92941
8.06399
2.89012
66.52618
82.57974
2.61651
73.21380
87.86966
78.95022
21.65283
55.73938
65.98251
35.72393
7.52064
90.34803
93.06555
50.72984
61.18748
78.84521
10.23616
14.40578
88.59737
31.19532
94.15294
3.39397
93.27035
57.70319
23.19480
33.69710
94.89532
12.36384
26.16892
61.92497
91.24947
74.57031
98.87113
54.39762
95.46377
46.39369
5.44574
73.37339
28.56398
95.68268
30.78993
12.82366
20.13264
55.56215
15.92842
60.79455
48.03028
50.62801
8.12083
3.82152
87.15538
59.82580
28.22252
84.61612
66.51108
74.20289
35.66870
26.00742
13.60737
43.63028
54.26647
37.31611
6.16693
54.03419
12.63181
29.41439
96.76047
29.77379
47.27834
85.19960
22.14545
12.81463
91.52254
67.08698
64.43453
16.61172
43.03901
4.38087
74.47526
28.74211
88.51210
12.56607
51.31967
69.56588
13.02937
93.88715
63.19842
38.10268
55.10862
9.56411
95.67431
6.33246
59.25884
12.61040
92.00013
72.07950
41.81253
32.73931
20.14104
79.84459
77.04448
62.15326
87.37434
30.61932
42.27324
83.35335
34.28445
61.28612
21.12058
1.85278
22.67728
41.35665
48.44450
17.03868
34.72905
16.12059
85.82510
60.78345
92.44251
16.31152
96.04676
58.88804
63.79058
52.42846
89.25139
14.44947
11.56639
92.48586
45.04893
97.99082
21.09667
54.68657
53.90360
99.51694
96.31199
24.35586
83.18942
28.54315
56.28446
99.20622
55.19182
80.65203
57.73334
16.79914
89.67292
45.64406
24.58900
15.82638
47.96703
1.07682
56.42889
5.79175
17.50044
76.81453
83.19650
31.45011
12.08753
9.58487
47.99178
6.96934
92.98325
91.89569
27.75055
38.00907
76.40216
30.86439
28.83364
78.23222
67.39411
60.90607
62.84782
19.62900
85.69360
58.27024
69.44964
83.00805
34.24313
38.98868
51.67489
29.59132
16.73987
37.36887
11.98778
83.01833
86.26355
11.98202
45.94061
38.63061
26.17691
55.38761
68.04254
40.30074
8.28241
68.76921
21.02035
40.47183
39.52059
66.38756
81.09276
53.97820
88.32842
10.84389
46.28399
89.73646
98.40581
71.68993
61.26024
2.81142
71.09345
99.83456
21.26736
27.06998
60.38979
15.96368
52.81761
66.34483
15.32915
64.60767
54.72946
11.61308
6.84613
71.01311
32.12100
72.59247
84.50808
32.48864
39.84214
42.32393
13.52099
9.65400
83.61200
56.95178
82.42103
11.56226
16.62302
12.63512
49.47569
51.91752
68.52347
29.36698
13.82916
29.10205
35.52686
26.91161
70.28263
31.51910
64.51217
47.29150
57.22447
48.23828
10.70609
38.84580
60.55456
38.41195
74.40697
92.85295
54.67729
39.88584
71.79582
55.90655
59.06900
39.73945
27.04194
72.66534
87.23209
51.43450
4.93341
68.48656
56.25499
90.24830
73.04524
91.07120
54.25678
12.58795
25.57155
34.11648
75.13902
19.35457
18.16840
46.49210
16.56912
55.90093
1.03641
12.67512
42.42384
17.15365
87.46142
43.00256
25.31156
51.09768
94.05112
36.00230
85.51648
10.73106
31.38376
59.86480
47.75053
61.36557
80.54895
92.29434
8.39481
33.51816
85.52216
69.30997
86.30440
46.61654
36.71419
86.07503
75.17399
77.08294
71.14006
21.42993
87.59988
70.95081
36.57593
16.15741
83.42860
43.88959
66.25786
45.99377
48.54063
85.33086
88.99846
9.06816
63.96697
49.26703
16.11192
51.16493
64.59244
59.72828
72.88346
24.73266
90.47576
5.17279
63.07761
36.68516
30.16354
19.55335
78.88942
14.71074
98.98770
91.19483
21.11816
62.11783
28.70167
95.11020
56.81409
75.17880
27.84397
22.14935
73.59983
69.39124
35.97794
0.99605
15.97765
63.50908
51.96732
76.66741
46.21009
93.94216
79.01030
31.82978
95.98630
46.48173
17.44124
25.44121
77.03549
86.03617
27.38523
98.01447
47.03534
3.14555
38.01349
7.71762
33.27735
87.25328
40.89324
37.51611
49.07023
73.97164
18.14332
63.49444
57.29594
32.76716
81.11177
62.20141
56.39326
58.64585
52.90408
72.14826
61.03348
0.62068
14.77234
76.63598
75.17524
2.18876
99.88495
46.23770
78.82397
43.66953
9.93946
35.75384
83.31574
15.97392
50.74299
98.64824
21.70313
96.30801
42.05179
41.41368
97.58053
79.45818
4.63681
34.43953
96.37507
45.52544
41.98949
68.42974
8.66815
20.56697
36.42348
39.95036
69.60425
16.09773
85.61265
29.15947
88.75745
8.20303
27.68302
87.99640
11.24919
23.69678
52.77628
85.16350
13.25996
82.33586
26.92676
20.77418
85.43459
55.34540
12.15585
22.32146
30.24888
76.06162
60.27840
44.74403
97.52289
72.63445
35.43500
75.03355
51.12190
29.40467
56.62871
12.11860
22.74387
84.38980
96.18899
17.29424
99.67386
5.98676
24.64896
43.11194
85.15707
42.17693
92.48665
10.51964
62.74678
21.49845
79.17343
89.72951
51.19974
70.46821
80.29809
32.07103
3.48273
66.88572
99.96098
71.14123
61.83680
95.08471
71.74713
18.60072
62.49181
36.62429
2.39505
28.57776
36.85293
17.84446
29.64977
57.39831
8.49814
22.93793
81.73106
93.63601
73.51962
33.81258
38.45935
39.79153
4.23202
26.99427
88.44817
39.19356
92.45565
74.69876
0.66586
39.16488
59.60371
87.09998
54.37168
75.53241
22.68599
44.62456
49.68721
33.81714
0.41185
82.90986
50.07163
65.36464
25.68713
27.75933
42.06868
68.83205
96.29720
95.91736
78.74482
97.07171
41.81792
45.21889
7.22045
98.03016
87.70497
61.15469
24.71933
0.77579
99.46999
74.13457
40.92853
1.49618
80.20547
88.96600
83.95702
1.80830
16.75950
91.16101
68.03288
5.61647
31.02325
91.33453
16.30710
39.37187
67.41706
99.56078
28.30164
87.82666
73.41275
72.83129
5.01474
62.57180
68.01951
69.87910
41.57260
78.83984
6.08839
32.29233
90.78073
53.09229
39.06160
53.46960
18.44953
41.25493
57.11868
98.58821
16.46919
68.32987
62.31544
34.13249
99.18405
86.70592
95.73659
3.54661
96.47919
77.22973
89.01616
16.74977
41.22582
31.08289
5.85106
10.52955
78.83275
84.17707
99.63554
2.38029
64.09233
29.29668
12.91782
99.20343
5.38273
30.34739
39.26182
96.85767
38.05691
62.51451
81.43664
16.53861
96.81594
63.36279
7.31007
23.95973
71.58920
83.02477
34.43041
48.34388
48.18226
99.40227
41.49407
91.47841
95.03460
37.28873
79.33671
22.04301
38.97430
61.82831
46.37190
98.94967
5.53164
7.22271
73.55612
96.51009
86.89811
75.16082
48.09393
64.59059
50.25775
8.92652
78.04467
62.14870
6.93841
76.91301
48.63862
26.35085
92.71982
99.10376
42.89183
0.39162
27.13107
36.96997
91.03942
9.33168
90.81626
64.52121
13.14284
42.72508
14.59884
26.87000
74.01217
96.70804
39.17340
0.49606
68.67079
83.63413
11.18745
43.06990
70.45857
56.83514
14.68843
13.04480
23.02032
39.41852
15.19174
19.08745
81.25810
34.51991
55.82285
7.45761
53.06911
7.66485
51.81611
86.49977
11.23667
92.57600
21.97607
77.75078
78.57556
60.06459
80.94325
66.67345
18.94915
98.19632
49.04392
23.77457
21.12611
76.35594
9.09852
16.08849
1.97459
79.21993
45.62873
66.71232
91.36682
29.96313
2.66842
56.17500
71.34074
52.43080
76.23032
55.50793
92.67083
8.58282
23.86737
14.10565
91.16555
13.20358
33.09233
24.05453
17.95676
92.25996
54.74920
70.84121
20.86793
74.06777
64.12480
33.92199
38.84320
19.22444
23.03746
34.28178
9.72382
25.93303
42.81556
94.14496
39.30253
19.72958
67.27471
80.06138
52.08909
98.97021
10.02407
58.68082
41.16373
9.82359
20.85689
24.76736
17.23916
5.59492
5.71651
14.97133
68.79065
21.20993
68.83677
61.45025
5.03408
0.31993
98.70791
12.04851
22.59813
20.01912
41.18396
39.44973
40.73419
1.11797
67.98256
19.75746
51.47094
3.92793
44.08073
58.11104
8.27662
79.08663
67.67389
4.68233
37.74618
94.68391
44.46444
68.90708
57.59421
72.87937
47.52489
33.87729
28.93059
69.95378
27.91710
23.11864
93.61109
78.23194
52.15269
49.13885
39.37251
56.58808
48.51408
17.55590
3.36151
92.55033
30.16495
34.62227
32.20823
8.67277
7.42605
35.55376
73.72269
3.32232
36.62324
85.50241
41.08201
50.45547
94.64865
14.64219
76.15621
85.61154
94.05268
10.90410
6.65531
43.01216
31.00749
78.01209
87.34376
24.73439
34.52473
62.28635
37.80355
48.92500
58.63404
45.14570
53.40011
11.84126
9.87856
20.88839
4.66262
77.97619
70.32258
14.90754
56.32341
1.11890
60.37695
49.80026
88.83333
48.28563
50.50663
19.73214
95.34948
19.40665
72.57643
30.68356
58.48297
14.59160
86.20791
52.18272
18.78096
49.03878
16.32760
95.59638
30.15089
46.36726
71.25891
72.85460
66.26391
64.48604
49.47865
85.38682
33.68475
64.65627
22.68726
48.05205
39.84062
63.69481
11.02392
59.31389
17.88922
68.71418
30.85309
36.46993
48.12221
71.44994
6.99125
65.67314
4.73349
34.64954
13.81971
34.79398
18.30176
47.11488
40.74903
95.45527
96.39284
20.45254
