0.0810811
0.0810811
0.0810811
0.0810811
0.0810811
0.0810811
0.0810811
0.0810811
0.0810811
0.0810811
0.0810811
0.0810811
0.0810811
0.0810811
0.0810811
0.0810811
0.0810811
0.0810811
0.0810811
0.0810811
0.0810811
0.0810811
0.0810811
0.0810811
0.0810811
0.0810811
0.0810811
0.0810811
0.0810811
0.0810811
0.0810811
0.0810811
0.0810811
0.0810811
0.0810811
0.0810811
0.0810811
0.0810811
0.0810811
0.0810811
0.0810811
0.0810811
0.0810811
0.0810811
0.0810811
0.0810811
0.0810811
0.0810811
0.0810811
0.0810811
0.0810811
0.0810811
0.0810811
0.0810811
0.0810811
0.0810811
0.0810811
0.0810811
0.0810811
0.0810811
0.0810811
0.0810811
