0.00101351
0.00101351
0.00101351
0.00101351
0.00101351
0.00101351
0.00101351
0.00101351
0.00101351
0.00101351
0.00101351
0.00101351
0.00101351
0.00101351
0.00101351
0.00101351
0.00101351
0.00101351
0.00101351
0.00101351
0.00101351
0.00101351
0.00101351
0.00101351
0.00101351
0.00101351
0.00101351
0.00101351
0.00101351
0.00101351
0.00101351
0.00101351
0.00101351
0.00101351
0.00101351
0.00101351
0.00101351
0.00101351
0.00101351
0.00101351
0.00101351
0.00101351
0.00101351
0.00101351
0.00101351
0.00101351
0.00101351
0.00101351
0.00101351
0.00101351
0.00101351
0.00101351
0.00101351
0.00101351
0.00101351
0.00101351
0.00101351
0.00101351
0.00101351
0.00101351
0.00101351
0.00101351
