0.00608108
0.00608108
0.00608108
0.00608108
0.00608108
0.00608108
0.00608108
0.00608108
0.00608108
0.00608108
0.00608108
0.00608108
0.00608108
0.00608108
0.00608108
0.00608108
0.00608108
0.00608108
0.00608108
0.00608108
0.00608108
0.00608108
0.00608108
0.00608108
0.00608108
0.00608108
0.00608108
0.00608108
0.00608108
0.00608108
0.00608108
0.00608108
0.00608108
0.00608108
0.00608108
0.00608108
0.00608108
0.00608108
0.00608108
0.00608108
0.00608108
0.00608108
0.00608108
0.00608108
0.00608108
0.00608108
0.00608108
0.00608108
0.00608108
0.00608108
0.00608108
0.00608108
0.00608108
0.00608108
0.00608108
0.00608108
0.00608108
0.00608108
0.00608108
0.00608108
0.00608108
0.00608108
