2.72456
0.71278
2.26711
2.63786
0.49135
1.64049
0.97118
0.26456
3.10073
0.46404
0.25033
2.21467
1.29982
0.76221
0.40165
2.52995
6.47547
9.17470
0.19900
6.64755
1.22189
0.98413
0.29979
0.37833
1.71834
0.51119
0.70374
0.90311
2.50453
1.10617
1.58582
0.57775
2.23781
0.62291
0.08879
2.13669
2.08296
0.20733
0.49785
2.26113
0.70332
0.84781
1.75668
1.68732
2.27347
1.18859
0.59573
2.47468
5.82965
0.99250
0.47944
8.53788
0.28756
2.07934
0.89598
0.53219
1.69440
0.54020
2.36965
0.45400
1.89818
0.24289
1.15342
0.48534
0.60460
0.17411
1.02538
1.24939
0.77916
2.07140
1.47335
0.21977
0.40434
3.17840
5.04566
1.01819
0.46640
1.16308
0.30732
2.29558
0.33026
0.37838
0.76989
1.11792
2.27109
1.45829
0.27804
0.05839
0.89779
0.66749
4.57920
0.77166
0.12344
2.58142
4.66345
1.71897
1.78959
0.13431
0.36973
0.12644
0.20852
2.38842
1.44781
0.53102
0.34463
1.45055
1.28162
1.77198
0.70727
1.28202
11.72350
0.46316
1.28513
0.59545
0.02576
0.16464
1.30056
2.67471
1.10366
0.89590
1.40647
0.05729
1.40174
0.62406
1.55261
7.85874
0.37020
0.37310
0.38786
0.35763
2.65595
0.70707
1.42284
1.26364
0.97165
3.57715
3.36156
0.10495
0.37925
0.52750
1.37119
7.46884
0.50130
0.18427
0.25926
2.58300
0.25012
1.84231
2.07663
0.76753
2.18452
2.04966
0.35482
0.26700
7.40092
4.08317
0.38954
0.98049
1.09765
1.98101
12.07631
0.38818
4.96913
1.05463
17.20828
0.44231
2.64480
0.32070
2.35203
0.55830
0.74250
3.46005
0.74401
2.95652
1.15647
0.58760
0.58790
0.50075
1.01647
1.26462
1.13724
0.78141
1.49468
0.32174
5.53079
1.44172
4.19771
2.97877
4.63430
0.33107
1.58005
1.75400
2.11842
3.07718
2.15185
0.28767
1.96573
0.91061
0.41783
1.19732
4.93148
1.70009
1.81689
0.23743
0.15880
0.26601
0.42408
0.65179
0.63593
0.30951
4.63075
0.94311
2.16720
0.54136
2.19808
7.24342
1.40854
2.79217
0.76115
0.85391
0.26744
1.72390
0.07134
0.31072
2.14208
0.30089
0.38163
0.42788
0.39868
0.59812
0.33215
2.62378
0.60307
0.56478
0.70725
0.85260
1.12159
0.59951
0.19878
3.65293
3.90072
0.88285
3.54741
1.51432
0.22543
0.58261
4.60046
2.90660
0.56822
0.15279
1.51443
0.71015
17.72911
0.55131
0.70087
0.53199
7.70669
0.56039
2.34492
2.21089
1.90605
0.31391
0.49517
2.56504
0.77692
3.57757
2.30743
4.54943
2.37276
1.11794
1.65577
0.19982
0.21318
0.60781
1.42366
0.69785
1.30253
1.81850
0.60856
3.20642
2.63227
0.77845
0.70292
1.09716
4.74782
1.75592
6.48536
0.16157
1.10474
1.07843
0.76401
1.86208
0.31446
0.77608
1.01015
8.95729
7.86105
1.64212
1.34232
0.85022
1.57444
2.78019
3.72680
0.66132
0.29579
0.66395
0.46972
1.20453
0.56050
1.21768
0.50106
1.86129
0.71423
1.24334
0.32076
0.34650
1.21976
1.71303
0.41459
2.00485
2.23536
0.48047
9.77573
0.93814
1.07786
0.58056
0.38530
0.17313
1.46483
0.32170
1.19472
0.25348
0.27366
0.26278
0.89723
6.25805
1.24738
1.30136
1.23868
5.38449
0.39279
0.67282
1.27795
1.88017
1.64438
0.59094
0.83398
0.31500
0.71215
1.22048
0.83084
0.97998
5.42951
0.23074
1.81035
0.30318
0.75678
0.27538
1.89658
3.84356
0.15363
0.65333
0.36707
1.13408
0.12089
10.26656
0.46686
4.92580
0.62004
0.60923
2.08685
5.17141
4.23256
0.22826
2.18602
0.54342
3.56609
1.45970
2.78228
2.68206
1.33073
0.38103
0.28742
0.10164
0.71539
0.83174
1.21399
0.15539
0.42459
2.24017
9.46272
1.86922
1.79247
0.49923
1.87900
0.94818
1.58995
0.98696
0.73071
0.91940
0.62608
1.27129
1.78448
2.38875
0.18169
1.50765
0.44346
1.80549
1.43982
3.41701
2.64952
0.18824
0.27706
2.76014
0.11273
2.46222
4.05010
4.78409
8.23695
6.62478
0.19424
0.20483
0.90746
0.49395
0.33940
3.30067
0.14696
0.57643
0.36445
1.93756
4.58466
2.41843
1.65387
12.98532
0.68705
1.44284
1.62898
0.67589
0.72189
0.82532
0.86373
1.68564
4.42149
0.26157
0.26525
4.90339
0.31733
1.62336
7.00735
1.64975
1.66068
1.77277
0.96585
4.22007
4.59192
0.48263
1.23198
0.74678
0.16214
1.05571
2.46698
0.55324
0.36050
0.73167
1.26041
0.48667
5.05518
1.13889
0.28989
4.24601
0.37318
0.46327
0.34480
3.59770
0.15669
2.04417
2.58452
2.45587
0.40785
2.21664
4.26279
0.47561
0.72120
0.42773
3.61342
5.99056
4.93292
0.32633
9.53984
1.89721
0.47377
2.13370
2.54035
0.25327
1.22149
1.45776
0.98380
0.95993
0.07184
0.68364
4.77616
2.23474
10.08344
1.34939
2.23767
0.28042
2.06425
0.28129
0.24078
0.19840
0.53659
0.25611
0.89945
0.78455
0.90285
0.96770
0.98648
0.45968
0.80679
3.65555
0.93218
0.46667
1.28047
1.90040
0.42578
1.83365
8.71162
0.82830
0.12739
12.52248
0.65462
0.35680
3.46041
0.35187
0.20553
1.00060
0.28218
1.49656
0.26270
3.84428
1.53167
0.57821
0.34996
2.03720
1.58589
1.13612
0.45222
0.05791
3.08290
3.02277
0.22360
3.16111
0.51314
0.47424
1.36539
0.82841
0.57769
1.24858
3.30313
3.81948
1.61913
0.09767
1.52500
0.73396
1.56590
3.66383
2.63459
1.21817
1.67897
2.56417
3.53194
0.70799
1.31018
1.17191
1.61217
0.15412
1.08824
3.20391
1.59945
1.27076
1.01029
0.12046
0.91201
1.23945
1.41448
0.38570
0.18935
3.23065
0.90362
2.33956
1.43250
0.68868
0.62190
0.35393
1.42294
0.30644
0.89901
0.41672
0.92213
1.47046
1.29148
1.16015
0.92060
1.13462
0.75357
2.33892
1.07271
2.42993
0.39072
1.68107
0.54143
0.63120
6.09476
3.16855
3.27884
0.62896
0.27179
0.06058
0.63416
0.86357
0.98958
0.83120
0.20831
1.06794
1.76860
12.46895
0.94658
1.40520
8.30475
4.14692
2.29871
0.64210
2.22332
0.27410
0.76938
0.78501
0.56540
0.59921
1.20556
1.25637
1.50746
1.00138
0.40971
1.35637
1.70146
5.95024
0.50477
1.53232
1.22792
2.71717
0.16391
0.69589
1.11084
0.74386
0.70856
0.53907
3.64161
0.79359
2.88799
1.13707
1.02942
0.08869
1.38537
0.91194
2.07043
1.46845
1.00028
2.12185
2.58148
0.96729
1.74238
0.11158
0.70591
3.11025
0.43997
1.13554
1.22883
0.79754
1.17160
1.28514
2.12509
1.70941
1.12626
0.67271
0.44391
0.44303
0.52956
1.70707
0.25068
0.44610
1.36913
0.53662
0.46755
0.91392
2.75154
2.58971
0.64632
2.21803
2.70104
0.77940
0.90773
0.47666
2.27426
0.43174
2.46444
0.61262
1.91361
1.04274
3.47645
0.72200
0.34655
0.46368
0.22266
0.27314
2.28337
3.18261
1.76705
2.74208
1.90826
1.96385
6.07301
1.26940
0.79199
1.78791
0.76119
4.38618
4.97332
1.15247
1.94562
6.44700
0.64283
4.01519
0.18654
1.73947
0.20105
3.73882
0.32675
0.97040
2.29283
2.87350
1.05930
1.59314
5.98562
2.86386
0.11179
0.20110
0.32751
3.08322
0.30187
7.09073
0.31968
1.18584
0.07628
0.34541
0.64451
0.42922
0.41558
0.62244
1.23704
1.25028
1.82079
0.70116
0.85131
0.53261
0.46127
0.42730
1.19555
0.69767
0.28111
1.28718
0.35796
1.29905
0.48942
0.54529
0.22253
0.10135
3.88768
0.87129
7.46442
3.94411
1.95211
0.28676
0.15389
0.60680
0.67307
2.44663
2.67632
0.16760
0.30421
0.21940
2.68769
2.74654
0.54609
0.77314
0.25308
0.57225
0.57113
1.91888
2.52687
1.47226
2.29452
1.72559
0.37079
1.43333
1.45362
0.20234
0.69187
11.82311
0.22531
3.14413
3.65288
0.27127
1.01011
3.71997
1.78503
2.40656
0.25642
0.35053
2.35425
2.34035
6.25945
0.56734
0.88296
0.40695
1.97280
1.43214
1.15796
1.60893
1.27780
16.27250
1.57240
0.49456
2.07696
1.06160
0.69281
0.25781
2.10798
1.21105
3.38600
1.68824
2.44676
2.61361
0.13033
6.50630
0.39025
0.28809
0.57460
1.11811
4.25232
1.31070
1.07541
0.45236
0.92105
0.85923
0.36459
0.44701
0.57460
4.40243
0.25933
0.60900
4.18818
2.42977
2.08762
2.87637
0.39600
0.33853
2.32085
0.33953
0.43746
0.86890
2.69631
0.36880
0.98544
0.89251
3.81965
0.62780
1.20718
0.29726
1.33998
0.78712
2.08654
0.48062
1.06022
0.42308
0.52992
0.32747
2.73681
1.38804
1.39110
0.62722
0.24287
1.73259
0.31874
0.43821
0.34911
0.69123
2.17769
0.67099
1.29116
1.95772
0.93505
2.54345
0.29352
1.67296
8.90108
0.40538
0.52779
0.36873
2.51269
2.81479
1.77989
0.36380
0.61888
0.60287
0.92677
0.63620
0.59629
0.44708
0.80872
0.39524
0.20829
0.14807
0.19739
1.31014
0.64245
1.86468
0.93537
0.59819
0.69191
0.76575
12.30873
0.28831
2.34996
1.05752
0.26769
1.10546
0.43759
4.11001
0.32058
0.34387
1.03110
0.64914
1.31626
2.35663
2.29807
0.35595
0.29188
0.54750
3.57289
5.08812
2.59671
1.73614
0.46182
0.37319
0.35077
0.33325
1.12654
0.08816
0.60046
1.74576
0.14456
0.49605
0.63007
0.22392
0.68606
2.01929
0.24416
0.53553
1.16910
0.45082
0.61761
0.11278
5.96491
0.43988
0.62450
0.59237
2.82910
1.09011
0.74750
1.17476
0.66949
3.84080
0.43286
0.68164
1.27061
1.09156
0.53524
0.69759
2.61448
1.97088
0.61926
0.16368
0.24374
0.36665
0.33122
4.64721
1.69784
0.32930
0.53587
0.24409
