72.93820
22.93820
16.68820
66.68820
91.68820
41.68820
29.18820
79.18820
54.18820
4.18820
5.75070
55.75070
80.75070
30.75070
43.25070
93.25070
68.25070
18.25070
24.50070
74.50070
99.50070
49.50070
37.00070
87.00070
62.00070
12.00070
8.87570
58.87570
83.87570
33.87570
46.37570
96.37570
71.37570
21.37570
15.12570
65.12570
90.12570
40.12570
27.62570
77.62570
52.62570
2.62570
1.84445
51.84445
76.84445
26.84445
39.34445
89.34445
64.34445
14.34445
20.59445
70.59445
95.59445
45.59445
33.09445
83.09445
58.09445
8.09445
11.21945
61.21945
86.21945
36.21945
48.71945
98.71945
73.71945
23.71945
17.46945
67.46945
92.46945
42.46945
29.96945
79.96945
54.96945
4.96945
3.40695
53.40695
78.40695
28.40695
40.90695
90.90695
65.90695
15.90695
22.15695
72.15695
97.15695
47.15695
34.65695
84.65695
59.65695
9.65695
6.53195
56.53195
81.53195
31.53195
44.03195
94.03195
69.03195
19.03195
12.78195
62.78195
87.78195
37.78195
25.28195
75.28195
50.28195
0.28195
0.37961
50.37961
75.37961
25.37961
37.87961
87.87961
62.87961
12.87961
19.12961
69.12961
94.12961
44.12961
31.62961
81.62961
56.62961
6.62961
9.75461
59.75461
84.75461
34.75461
47.25461
97.25461
72.25461
22.25461
16.00461
66.00461
91.00461
41.00461
28.50461
78.50461
53.50461
3.50461
5.06711
55.06711
80.06711
30.06711
42.56711
92.56711
67.56711
17.56711
23.81711
73.81711
98.81711
48.81711
36.31711
86.31711
61.31711
11.31711
8.19211
58.19211
83.19211
33.19211
45.69211
95.69211
70.69211
20.69211
14.44211
64.44211
89.44211
39.44211
26.94211
76.94211
51.94211
1.94211
2.72336
52.72336
77.72336
27.72336
40.22336
90.22336
65.22336
15.22336
21.47336
71.47336
96.47336
46.47336
33.97336
83.97336
58.97336
8.97336
12.09836
62.09836
87.09836
37.09836
49.59836
99.59836
74.59836
24.59836
18.34836
68.34836
93.34836
43.34836
30.84836
80.84836
55.84836
5.84836
4.28586
54.28586
79.28586
29.28586
41.78586
91.78586
66.78586
16.78586
23.03586
73.03586
98.03586
48.03586
35.53586
85.53586
60.53586
10.53586
7.41086
57.41086
82.41086
32.41086
44.91086
94.91086
69.91086
19.91086
13.66086
63.66086
88.66086
38.66086
26.16086
76.16086
51.16086
1.16086
1.55149
51.55149
76.55149
26.55149
39.05149
89.05149
64.05149
14.05149
20.30149
70.30149
95.30149
45.30149
32.80149
82.80149
57.80149
7.80149
10.92649
60.92649
85.92649
35.92649
48.42649
98.42649
73.42649
23.42649
17.17649
67.17649
92.17649
42.17649
29.67649
79.67649
54.67649
4.67649
6.23899
56.23899
81.23899
31.23899
43.73899
93.73899
68.73899
18.73899
24.98899
74.98899
99.98899
49.98899
37.48899
87.48899
62.48899
12.48899
9.36399
59.36399
84.36399
34.36399
46.86399
96.86399
71.86399
21.86399
15.61399
65.61399
90.61399
40.61399
28.11399
78.11399
53.11399
3.11399
2.33274
52.33274
77.33274
27.33274
39.83274
89.83274
64.83274
14.83274
21.08274
71.08274
96.08274
46.08274
33.58274
83.58274
58.58274
8.58274
11.70774
61.70774
86.70774
36.70774
49.20774
99.20774
74.20774
24.20774
17.95774
67.95774
92.95774
42.95774
30.45774
80.45774
55.45774
5.45774
3.89524
53.89524
78.89524
28.89524
41.39524
91.39524
66.39524
16.39524
22.64524
72.64524
97.64524
47.64524
35.14524
85.14524
60.14524
10.14524
7.02024
57.02024
82.02024
32.02024
44.52024
94.52024
69.52024
19.52024
13.27024
63.27024
88.27024
38.27024
25.77024
75.77024
50.77024
0.77024
0.57492
50.57492
75.57492
25.57492
38.07492
88.07492
63.07492
13.07492
19.32492
69.32492
94.32492
44.32492
31.82492
81.82492
56.82492
6.82492
9.94992
59.94992
84.94992
34.94992
47.44992
97.44992
72.44992
22.44992
16.19992
66.19992
91.19992
41.19992
28.69992
78.69992
53.69992
3.69992
5.26242
55.26242
80.26242
30.26242
42.76242
92.76242
67.76242
17.76242
24.01242
74.01242
99.01242
49.01242
36.51242
86.51242
61.51242
11.51242
8.38742
58.38742
83.38742
33.38742
45.88742
95.88742
70.88742
20.88742
14.63742
64.63742
89.63742
39.63742
27.13742
77.13742
52.13742
2.13742
2.91867
52.91867
77.91867
27.91867
40.41867
90.41867
65.41867
15.41867
21.66867
71.66867
96.66867
46.66867
34.16867
84.16867
59.16867
9.16867
12.29367
62.29367
87.29367
37.29367
49.79367
99.79367
74.79367
24.79367
18.54367
68.54367
93.54367
43.54367
31.04367
81.04367
56.04367
6.04367
4.48117
54.48117
79.48117
29.48117
41.98117
91.98117
66.98117
16.98117
23.23117
73.23117
98.23117
48.23117
35.73117
85.73117
60.73117
10.73117
7.60617
57.60617
82.60617
32.60617
45.10617
95.10617
70.10617
20.10617
13.85617
63.85617
88.85617
38.85617
26.35617
76.35617
51.35617
1.35617
0.96555
50.96555
75.96555
25.96555
38.46555
88.46555
63.46555
13.46555
19.71555
69.71555
