87.94334
62.94334
12.94334
19.19334
69.19334
94.19334
44.19334
31.69334
81.69334
56.69334
6.69334
9.81834
59.81834
84.81834
34.81834
47.31834
97.31834
72.31834
22.31834
16.06834
66.06834
91.06834
41.06834
28.56834
78.56834
53.56834
3.56834
5.13084
55.13084
80.13084
30.13084
42.63084
92.63084
67.63084
17.63084
23.88084
73.88084
98.88084
48.88084
36.38084
86.38084
61.38084
11.38084
8.25584
58.25584
83.25584
33.25584
45.75584
95.75584
70.75584
20.75584
14.50584
64.50584
89.50584
39.50584
27.00584
77.00584
52.00584
2.00584
2.78709
52.78709
77.78709
27.78709
40.28709
90.28709
65.28709
15.28709
21.53709
71.53709
96.53709
46.53709
34.03709
84.03709
59.03709
9.03709
12.16209
62.16209
87.16209
37.16209
49.66209
99.66209
74.66209
24.66209
18.41209
68.41209
93.41209
43.41209
30.91209
80.91209
55.91209
5.91209
4.34959
54.34959
79.34959
29.34959
41.84959
91.84959
66.84959
16.84959
23.09959
73.09959
98.09959
48.09959
35.59959
85.59959
60.59959
10.59959
7.47459
57.47459
82.47459
32.47459
44.97459
94.97459
69.97459
19.97459
13.72459
63.72459
88.72459
38.72459
26.22459
76.22459
51.22459
1.22459
0.83396
50.83396
75.83396
25.83396
38.33396
88.33396
63.33396
13.33396
19.58396
69.58396
94.58396
44.58396
32.08396
82.08396
57.08396
7.08396
10.20896
60.20896
85.20896
35.20896
47.70896
97.70896
72.70896
22.70896
16.45896
66.45896
91.45896
41.45896
28.95896
78.95896
53.95896
3.95896
5.52146
55.52146
80.52146
30.52146
43.02146
93.02146
68.02146
18.02146
24.27146
74.27146
99.27146
49.27146
36.77146
86.77146
61.77146
11.77146
8.64646
58.64646
83.64646
33.64646
46.14646
96.14646
71.14646
21.14646
14.89646
64.89646
89.89646
39.89646
27.39646
77.39646
52.39646
2.39646
1.61521
51.61521
76.61521
26.61521
39.11521
89.11521
64.11521
14.11521
20.36521
70.36521
95.36521
45.36521
32.86521
82.86521
57.86521
7.86521
10.99021
60.99021
85.99021
35.99021
48.49021
98.49021
73.49021
23.49021
17.24021
67.24021
92.24021
42.24021
29.74021
79.74021
54.74021
4.74021
3.17771
53.17771
78.17771
28.17771
40.67771
90.67771
65.67771
15.67771
21.92771
71.92771
96.92771
46.92771
34.42771
84.42771
59.42771
9.42771
6.30271
56.30271
81.30271
31.30271
43.80271
93.80271
68.80271
18.80271
12.55271
62.55271
87.55271
37.55271
25.05271
75.05271
50.05271
0.05271
0.07713
50.07713
75.07713
25.07713
37.57713
87.57713
62.57713
12.57713
18.82713
68.82713
93.82713
43.82713
31.32713
81.32713
56.32713
6.32713
9.45213
59.45213
84.45213
34.45213
46.95213
96.95213
71.95213
21.95213
15.70213
65.70213
90.70213
40.70213
28.20213
78.20213
53.20213
3.20213
4.76463
54.76463
79.76463
29.76463
42.26463
92.26463
67.26463
17.26463
23.51463
73.51463
98.51463
48.51463
36.01463
86.01463
61.01463
11.01463
7.88963
57.88963
82.88963
32.88963
45.38963
95.38963
70.38963
20.38963
14.13963
64.13963
89.13963
39.13963
26.63963
76.63963
51.63963
1.63963
2.42088
52.42088
77.42088
27.42088
39.92088
89.92088
64.92088
14.92088
21.17088
71.17088
96.17088
46.17088
33.67088
83.67088
58.67088
8.67088
11.79588
61.79588
86.79588
36.79588
49.29588
99.29588
74.29588
24.29588
18.04588
68.04588
93.04588
43.04588
30.54588
80.54588
55.54588
5.54588
3.98338
53.98338
78.98338
28.98338
41.48338
91.48338
66.48338
16.48338
22.73338
72.73338
97.73338
47.73338
35.23338
85.23338
60.23338
10.23338
7.10838
57.10838
82.10838
32.10838
44.60838
94.60838
69.60838
19.60838
13.35838
63.35838
88.35838
38.35838
25.85838
75.85838
50.85838
0.85838
1.24900
51.24900
76.24900
26.24900
38.74900
88.74900
63.74900
13.74900
19.99900
69.99900
94.99900
44.99900
32.49900
82.49900
57.49900
7.49900
10.62400
60.62400
85.62400
35.62400
48.12400
98.12400
73.12400
23.12400
16.87400
66.87400
91.87400
41.87400
29.37400
79.37400
54.37400
4.37400
5.93650
55.93650
80.93650
30.93650
43.43650
93.43650
68.43650
18.43650
24.68650
74.68650
99.68650
49.68650
37.18650
87.18650
62.18650
12.18650
9.06150
59.06150
84.06150
34.06150
46.56150
96.56150
71.56150
21.56150
15.31150
65.31150
90.31150
40.31150
27.81150
77.81150
52.81150
2.81150
2.03025
52.03025
77.03025
27.03025
39.53025
89.53025
64.53025
14.53025
20.78025
70.78025
95.78025
45.78025
33.28025
83.28025
58.28025
8.28025
11.40525
61.40525
86.40525
36.40525
48.90525
98.90525
73.90525
23.90525
17.65525
67.65525
92.65525
42.65525
30.15525
80.15525
55.15525
5.15525
3.59275
53.59275
78.59275
28.59275
41.09275
91.09275
66.09275
16.09275
22.34275
72.34275
97.34275
47.34275
34.84275
84.84275
59.84275
9.84275
6.71775
56.71775
81.71775
31.71775
44.21775
94.21775
69.21775
19.21775
12.96775
62.96775
87.96775
37.96775
25.46775
75.46775
50.46775
0.46775
0.66307
50.66307
75.66307
25.66307
38.16307
88.16307
63.16307
13.16307
19.41307
69.41307
94.41307
44.41307
31.91307
81.91307
56.91307
6.91307
10.03807
60.03807
85.03807
35.03807
47.53807
97.53807
72.53807
22.53807
16.28807
66.28807
91.28807
41.28807
28.78807
78.78807
53.78807
3.78807
5.35057
55.35057
80.35057
30.35057
42.85057
92.85057
67.85057
17.85057
24.10057
74.10057
99.10057
49.10057
36.60057
86.60057
61.60057
11.60057
8.47557
58.47557
83.47557
33.47557
45.97557
95.97557
70.97557
20.97557
14.72557
64.72557
89.72557
39.72557
27.22557
77.22557
52.22557
2.22557
3.00682
53.00682
78.00682
28.00682
40.50682
90.50682
65.50682
15.50682
21.75682
71.75682
96.75682
46.75682
34.25682
84.25682
59.25682
9.25682
12.38182
62.38182
87.38182
37.38182
49.88182
99.88182
74.88182
24.88182
18.63182
68.63182
93.63182
43.63182
31.13182
81.13182
56.13182
6.13182
4.56932
54.56932
79.56932
29.56932
42.06932
92.06932
67.06932
17.06932
23.31932
73.31932
98.31932
48.31932
35.81932
85.81932
60.81932
10.81932
7.69432
57.69432
82.69432
32.69432
45.19432
95.19432
70.19432
20.19432
13.94432
63.94432
88.94432
38.94432
26.44432
76.44432
51.44432
1.44432
1.05369
51.05369
76.05369
26.05369
38.55369
88.55369
63.55369
13.55369
19.80369
69.80369
94.80369
44.80369
32.30369
82.30369
57.30369
7.30369
10.42869
60.42869
85.42869
35.42869
47.92869
97.92869
72.92869
22.92869
16.67869
66.67869
91.67869
41.67869
29.17869
79.17869
54.17869
4.17869
5.74119
55.74119
80.74119
30.74119
43.24119
93.24119
68.24119
18.24119
24.49119
74.49119
99.49119
49.49119
36.99119
86.99119
61.99119
11.99119
8.86619
58.86619
83.86619
33.86619
46.36619
96.36619
71.36619
21.36619
15.11619
65.11619
90.11619
40.11619
27.61619
77.61619
52.61619
2.61619
1.83494
51.83494
76.83494
26.83494
39.33494
89.33494
64.33494
14.33494
20.58494
70.58494
95.58494
45.58494
33.08494
83.08494
58.08494
8.08494
11.20994
61.20994
86.20994
36.20994
48.70994
98.70994
73.70994
23.70994
17.45994
67.45994
92.45994
42.45994
29.95994
79.95994
54.95994
4.95994
3.39744
53.39744
78.39744
28.39744
40.89744
90.89744
65.89744
15.89744
22.14744
72.14744
97.14744
47.14744
34.64744
84.64744
59.64744
9.64744
6.52244
56.52244
81.52244
31.52244
44.02244
94.02244
69.02244
19.02244
12.77244
62.77244
87.77244
37.77244
25.27244
75.27244
50.27244
0.27244
0.37010
50.37010
75.37010
25.37010
37.87010
87.87010
62.87010
12.87010
19.12010
69.12010
94.12010
44.12010
31.62010
81.62010
56.62010
6.62010
9.74510
59.74510
84.74510
34.74510
47.24510
97.24510
72.24510
22.24510
15.99510
65.99510
90.99510
40.99510
28.49510
78.49510
53.49510
3.49510
5.05760
55.05760
80.05760
30.05760
42.55760
92.55760
67.55760
17.55760
23.80760
73.80760
98.80760
48.80760
36.30760
86.30760
61.30760
11.30760
8.18260
58.18260
83.18260
33.18260
45.68260
95.68260
70.68260
20.68260
14.43260
64.43260
89.43260
39.43260
26.93260
76.93260
51.93260
1.93260
2.71385
52.71385
77.71385
27.71385
40.21385
90.21385
65.21385
15.21385
21.46385
71.46385
96.46385
46.46385
33.96385
83.96385
58.96385
8.96385
12.08885
62.08885
87.08885
37.08885
49.58885
99.58885
74.58885
24.58885
18.33885
68.33885
93.33885
43.33885
30.83885
80.83885
55.83885
5.83885
4.27635
54.27635
79.27635
29.27635
41.77635
91.77635
66.77635
16.77635
23.02635
73.02635
98.02635
48.02635
35.52635
85.52635
60.52635
10.52635
7.40135
57.40135
82.40135
32.40135
44.90135
94.90135
69.90135
19.90135
13.65135
63.65135
88.65135
38.65135
26.15135
76.15135
51.15135
1.15135
1.54197
51.54197
76.54197
26.54197
39.04197
89.04197
64.04197
14.04197
20.29197
70.29197
95.29197
45.29197
32.79197
82.79197
57.79197
7.79197
10.91697
60.91697
85.91697
35.91697
48.41697
98.41697
73.41697
23.41697
17.16697
67.16697
92.16697
42.16697
29.66697
79.66697
54.66697
4.66697
6.22947
56.22947
81.22947
31.22947
43.72947
93.72947
68.72947
18.72947
24.97947
74.97947
99.97947
49.97947
37.47947
87.47947
62.47947
12.47947
9.35447
59.35447
84.35447
34.35447
46.85447
96.85447
71.85447
21.85447
15.60447
65.60447
90.60447
40.60447
28.10447
78.10447
53.10447
3.10447
2.32322
52.32322
77.32322
27.32322
39.82322
89.82322
64.82322
14.82322
21.07322
71.07322
96.07322
46.07322
33.57322
83.57322
58.57322
8.57322
11.69822
61.69822
86.69822
36.69822
49.19822
99.19822
74.19822
24.19822
17.94822
67.94822
92.94822
42.94822
30.44822
80.44822
55.44822
5.44822
3.88572
53.88572
78.88572
28.88572
41.38572
91.38572
66.38572
16.38572
22.63572
72.63572
97.63572
47.63572
35.13572
