0.66200
0.16200
0.22450
0.72450
0.97450
0.47450
0.34950
0.84950
0.59950
0.09950
0.06825
0.56825
0.81825
0.31825
0.44325
0.94325
0.69325
0.19325
0.13075
0.63075
0.88075
0.38075
0.25575
0.75575
0.50575
0.00575
0.00770
0.50770
0.75770
0.25770
0.38270
0.88270
0.63270
0.13270
0.19520
0.69520
0.94520
0.44520
0.32020
0.82020
0.57020
0.07020
0.10145
0.60145
0.85145
0.35145
0.47645
0.97645
0.72645
0.22645
0.16395
0.66395
0.91395
0.41395
0.28895
0.78895
0.53895
0.03895
0.05458
0.55458
0.80458
0.30458
0.42958
0.92958
0.67958
0.17958
0.24208
0.74208
0.99208
0.49208
0.36708
0.86708
0.61708
0.11708
0.08583
0.58583
0.83583
0.33583
0.46083
0.96083
0.71083
0.21083
0.14833
0.64833
0.89833
0.39833
0.27333
0.77333
0.52333
0.02333
0.03114
0.53114
0.78114
0.28114
0.40614
0.90614
0.65614
0.15614
0.21864
0.71864
0.96864
0.46864
0.34364
0.84364
0.59364
0.09364
0.12489
0.62489
0.87489
0.37489
0.49989
0.99989
0.74989
0.24989
0.18739
0.68739
0.93739
0.43739
0.31239
0.81239
0.56239
0.06239
0.04676
0.54676
0.79676
0.29676
0.42176
0.92176
0.67176
0.17176
0.23426
0.73426
0.98426
0.48426
0.35926
0.85926
0.60926
0.10926
0.07801
0.57801
0.82801
0.32801
0.45301
0.95301
0.70301
0.20301
0.14051
0.64051
0.89051
0.39051
0.26551
0.76551
0.51551
0.01551
0.01161
0.51161
0.76161
0.26161
0.38661
0.88661
0.63661
0.13661
0.19911
0.69911
0.94911
0.44911
0.32411
0.82411
0.57411
0.07411
0.10536
0.60536
0.85536
0.35536
0.48036
0.98036
0.73036
0.23036
0.16786
0.66786
0.91786
0.41786
0.29286
0.79286
0.54286
0.04286
0.05848
0.55848
0.80848
0.30848
0.43348
0.93348
0.68348
0.18348
0.24598
0.74598
0.99598
0.49598
0.37098
0.87098
0.62098
0.12098
0.08973
0.58973
0.83973
0.33973
0.46473
0.96473
0.71473
0.21473
0.15223
0.65223
0.90223
0.40223
0.27723
0.77723
0.52723
0.02723
0.01942
0.51942
0.76942
0.26942
0.39442
0.89442
0.64442
0.14442
0.20692
0.70692
0.95692
0.45692
0.33192
0.83192
0.58192
0.08192
0.11317
0.61317
0.86317
0.36317
0.48817
0.98817
0.73817
0.23817
0.17567
0.67567
0.92567
0.42567
0.30067
0.80067
0.55067
0.05067
0.03504
0.53504
0.78504
0.28504
0.41004
0.91004
0.66004
0.16004
0.22254
0.72254
0.97254
0.47254
0.34754
0.84754
0.59754
0.09754
0.06629
0.56629
0.81629
0.31629
0.44129
0.94129
0.69129
0.19129
0.12879
0.62879
0.87879
0.37879
0.25379
0.75379
0.50379
0.00379
0.00282
0.50282
0.75282
0.25282
0.37782
0.87782
0.62782
0.12782
0.19032
0.69032
0.94032
0.44032
0.31532
0.81532
0.56532
0.06532
0.09657
0.59657
0.84657
0.34657
0.47157
0.97157
0.72157
0.22157
0.15907
0.65907
0.90907
0.40907
0.28407
0.78407
0.53407
0.03407
0.04969
0.54969
0.79969
0.29969
0.42469
0.92469
0.67469
0.17469
0.23719
0.73719
0.98719
0.48719
0.36219
0.86219
0.61219
0.11219
0.08094
0.58094
0.83094
0.33094
0.45594
0.95594
0.70594
0.20594
0.14344
0.64344
0.89344
0.39344
0.26844
0.76844
0.51844
0.01844
0.02626
0.52626
0.77626
0.27626
0.40126
0.90126
0.65126
0.15126
0.21376
0.71376
0.96376
0.46376
0.33876
0.83876
0.58876
0.08876
0.12001
0.62001
0.87001
0.37001
0.49501
0.99501
0.74501
0.24501
0.18251
0.68251
0.93251
0.43251
0.30751
0.80751
0.55751
0.05751
0.04188
0.54188
0.79188
0.29188
0.41688
0.91688
0.66688
0.16688
0.22938
0.72938
0.97938
0.47938
0.35438
0.85438
0.60438
0.10438
0.07313
0.57313
0.82313
0.32313
0.44813
0.94813
0.69813
0.19813
0.13563
0.63563
0.88563
0.38563
0.26063
0.76063
0.51063
0.01063
0.01454
0.51454
0.76454
0.26454
0.38954
0.88954
0.63954
0.13954
0.20204
0.70204
0.95204
0.45204
0.32704
0.82704
0.57704
0.07704
0.10829
0.60829
0.85829
0.35829
0.48329
0.98329
0.73329
0.23329
0.17079
0.67079
0.92079
0.42079
0.29579
0.79579
0.54579
0.04579
0.06141
0.56141
0.81141
0.31141
0.43641
0.93641
0.68641
0.18641
0.24891
0.74891
0.99891
0.49891
0.37391
0.87391
0.62391
0.12391
0.09266
0.59266
0.84266
0.34266
0.46766
0.96766
0.71766
0.21766
0.15516
0.65516
0.90516
0.40516
0.28016
0.78016
0.53016
0.03016
0.02235
0.52235
0.77235
0.27235
0.39735
0.89735
0.64735
0.14735
0.20985
0.70985
0.95985
0.45985
0.33485
0.83485
0.58485
0.08485
0.11610
0.61610
0.86610
0.36610
0.49110
0.99110
0.74110
0.24110
0.17860
0.67860
0.92860
0.42860
0.30360
0.80360
0.55360
0.05360
0.03797
0.53797
0.78797
0.28797
0.41297
0.91297
0.66297
0.16297
0.22547
0.72547
0.97547
0.47547
0.35047
0.85047
0.60047
0.10047
0.06922
0.56922
0.81922
0.31922
0.44422
0.94422
0.69422
0.19422
0.13172
0.63172
0.88172
0.38172
0.25672
0.75672
0.50672
0.00672
0.00477
0.50477
0.75477
0.25477
0.37977
0.87977
0.62977
0.12977
0.19227
0.69227
0.94227
0.44227
0.31727
0.81727
0.56727
0.06727
0.09852
0.59852
0.84852
0.34852
0.47352
0.97352
0.72352
0.22352
0.16102
0.66102
0.91102
0.41102
0.28602
0.78602
0.53602
0.03602
0.05165
0.55165
0.80165
0.30165
0.42665
0.92665
0.67665
0.17665
0.23915
0.73915
0.98915
0.48915
0.36415
0.86415
0.61415
0.11415
0.08290
0.58290
0.83290
0.33290
0.45790
0.95790
0.70790
0.20790
0.14540
0.64540
0.89540
0.39540
0.27040
0.77040
0.52040
0.02040
0.02821
0.52821
0.77821
0.27821
0.40321
0.90321
0.65321
0.15321
0.21571
0.71571
0.96571
0.46571
0.34071
0.84071
0.59071
0.09071
0.12196
0.62196
0.87196
0.37196
0.49696
0.99696
0.74696
0.24696
0.18446
0.68446
0.93446
0.43446
0.30946
0.80946
0.55946
0.05946
0.04383
0.54383
0.79383
0.29383
0.41883
0.91883
0.66883
0.16883
0.23133
0.73133
0.98133
0.48133
0.35633
0.85633
0.60633
0.10633
0.07508
0.57508
0.82508
0.32508
0.45008
0.95008
0.70008
0.20008
0.13758
0.63758
0.88758
0.38758
0.26258
0.76258
0.51258
0.01258
0.00868
0.50868
0.75868
0.25868
0.38368
0.88368
0.63368
0.13368
0.19618
0.69618
0.94618
0.44618
0.32118
0.82118
0.57118
0.07118
0.10243
0.60243
0.85243
0.35243
0.47743
0.97743
0.72743
0.22743
0.16493
0.66493
0.91493
0.41493
0.28993
0.78993
0.53993
0.03993
0.05555
0.55555
0.80555
0.30555
0.43055
0.93055
0.68055
0.18055
0.24305
0.74305
0.99305
0.49305
0.36805
0.86805
0.61805
0.11805
0.08680
0.58680
0.83680
0.33680
0.46180
0.96180
0.71180
0.21180
0.14930
0.64930
0.89930
0.39930
0.27430
0.77430
0.52430
0.02430
0.01649
0.51649
0.76649
0.26649
0.39149
0.89149
0.64149
0.14149
0.20399
0.70399
0.95399
0.45399
0.32899
0.82899
0.57899
0.07899
0.11024
0.61024
0.86024
0.36024
0.48524
0.98524
0.73524
0.23524
0.17274
0.67274
0.92274
0.42274
0.29774
0.79774
0.54774
0.04774
0.03211
0.53211
0.78211
0.28211
0.40711
0.90711
0.65711
0.15711
0.21961
0.71961
0.96961
0.46961
0.34461
0.84461
0.59461
0.09461
0.06336
0.56336
0.81336
0.31336
0.43836
0.93836
0.68836
0.18836
0.12586
0.62586
0.87586
0.37586
0.25086
0.75086
0.50086
0.00086
0.00062
0.50062
0.75062
0.25062
0.37562
0.87562
0.62562
0.12562
0.18812
0.68812
0.93812
0.43812
0.31312
0.81312
0.56312
0.06312
0.09437
0.59437
0.84437
0.34437
0.46937
0.96937
0.71937
0.21937
0.15687
0.65687
0.90687
0.40687
0.28187
0.78187
0.53187
0.03187
0.04750
0.54750
0.79750
0.29750
0.42250
0.92250
0.67250
0.17250
0.23500
0.73500
0.98500
0.48500
0.36000
0.86000
0.61000
0.11000
0.07875
0.57875
0.82875
0.32875
0.45375
0.95375
0.70375
0.20375
0.14125
0.64125
0.89125
0.39125
0.26625
0.76625
0.51625
0.01625
0.02406
0.52406
0.77406
0.27406
0.39906
0.89906
0.64906
0.14906
0.21156
0.71156
0.96156
0.46156
0.33656
0.83656
0.58656
0.08656
0.11781
0.61781
0.86781
0.36781
0.49281
0.99281
0.74281
0.24281
0.18031
0.68031
0.93031
0.43031
0.30531
0.80531
0.55531
0.05531
0.03968
0.53968
0.78968
0.28968
0.41468
0.91468
0.66468
0.16468
0.22718
0.72718
0.97718
0.47718
0.35218
0.85218
0.60218
0.10218
0.07093
0.57093
0.82093
0.32093
0.44593
0.94593
0.69593
0.19593
0.13343
0.63343
0.88343
0.38343
0.25843
0.75843
0.50843
0.00843
0.01234
0.51234
0.76234
0.26234
0.38734
0.88734
0.63734
0.13734
0.19984
0.69984
0.94984
0.44984
0.32484
0.82484
0.57484
0.07484
0.10609
0.60609
0.85609
0.35609
0.48109
0.98109
0.73109
0.23109
0.16859
0.66859
0.91859
0.41859
0.29359
0.79359
0.54359
0.04359
0.05921
0.55921
0.80921
0.30921
0.43421
0.93421
0.68421
0.18421
0.24671
0.74671
0.99671
0.49671
0.37171
0.87171
0.62171
0.12171
0.09046
0.59046
0.84046
0.34046
0.46546
0.96546
0.71546
0.21546
0.15296
0.65296
0.90296
0.40296
0.27796
0.77796
0.52796
0.02796
0.02015
0.52015
0.77015
0.27015
0.39515
0.89515
0.64515
0.14515
0.20765
0.70765
0.95765
0.45765
0.33265
0.83265
