41.71896
39.30258
11.25149
43.76278
30.25771
76.80718
4.61590
93.16910
18.84968
77.99873
32.35686
44.10641
30.87600
77.44596
43.90667
97.17284
27.86855
2.86930
77.15238
40.42204
7.40778
66.47616
69.75706
36.51563
55.05166
53.82949
15.70365
4.73572
22.59332
33.33138
73.80779
74.70443
45.98451
42.55088
53.85910
77.43024
12.02418
64.45374
89.20999
73.51011
1.67735
13.65090
46.85086
37.00415
0.18201
33.39672
99.87042
41.11372
38.69058
11.92925
11.28049
17.75384
85.49426
97.23810
83.44728
86.97276
12.28701
46.38280
11.22486
0.90188
26.46274
89.87858
80.00035
9.97179
23.72345
80.68282
87.87187
97.36880
9.66932
56.25250
9.21345
37.82305
56.78850
22.72867
36.75577
51.33159
2.33264
8.36115
45.46075
17.50358
16.43897
25.13630
0.31460
84.20299
72.85350
70.25637
23.27495
24.92684
0.31049
69.10891
72.89324
11.22262
73.38964
48.60368
80.42462
95.47079
76.45608
24.98711
65.17068
25.08949
30.37094
38.89725
46.47862
56.63557
82.78746
39.46096
74.40637
67.08601
97.73240
97.28152
99.15821
82.20660
56.93153
89.80758
56.62222
61.64574
58.84810
92.97288
15.84199
10.71429
44.14234
94.86961
46.56698
56.39977
61.73236
80.07022
14.34571
96.88688
29.09319
73.88826
89.72469
44.97025
37.17529
84.41747
92.42279
15.34133
73.01767
79.59483
36.69063
28.00793
44.13807
30.30447
92.83394
63.25417
45.21101
22.18721
26.62507
8.76329
22.64194
49.56710
70.20391
73.67126
8.25213
33.49972
76.92599
36.74878
99.30240
8.67502
54.57581
37.56245
39.11858
24.00489
39.23775
6.61034
60.22355
2.90656
73.38535
65.38660
74.49125
68.33829
30.63695
72.41206
83.60759
97.34972
58.12407
89.07464
12.25446
60.53220
72.40950
54.11783
0.35904
50.56516
4.13458
47.66357
79.69251
70.07666
28.05016
38.29485
8.10197
68.95244
62.86774
70.67219
24.91934
7.81438
44.32545
88.18730
80.15604
35.89512
49.97796
38.17407
99.94637
25.06578
48.82043
94.74513
39.59292
24.24702
26.76344
37.42569
49.62991
77.22698
28.92762
93.75458
38.24216
54.85483
75.66739
25.39550
69.31613
91.33024
1.90482
20.20084
17.16443
82.73129
90.38982
37.24005
85.55820
78.66422
11.49864
43.34687
43.55534
99.28054
24.29806
36.59547
47.72043
98.52172
42.34792
37.42912
4.76712
95.69451
66.67007
56.37216
27.60495
4.47054
58.07515
42.22426
44.40035
30.43084
26.08368
59.61678
31.56580
6.22535
45.49829
1.92697
40.31280
74.75082
84.33751
58.34672
23.35354
76.53103
93.59887
60.34889
38.60947
25.22948
83.54101
60.50510
66.51537
90.04280
9.24272
53.41044
25.26161
75.59032
43.52359
2.21297
85.24279
6.72066
67.16605
81.55548
62.81281
68.48095
26.15892
59.23669
94.25745
82.45864
52.32898
96.34834
90.76907
63.42902
13.55288
97.26073
14.92402
37.64691
10.47165
87.90608
76.65751
24.78921
3.17733
20.82894
72.59103
89.81936
51.07934
17.81982
50.91487
96.26315
82.07144
33.81778
51.22964
39.73841
62.30993
44.74585
1.27700
61.07442
2.09130
91.96302
3.85770
13.27306
47.89842
72.98970
48.40074
60.56574
15.16614
98.66640
32.15107
18.15200
42.04707
81.53723
89.46243
55.34007
76.39175
11.53085
24.92551
57.13545
58.11525
40.12740
28.59514
51.91983
4.97331
25.38941
24.79344
39.28931
68.74943
25.18988
16.90656
99.42102
40.06187
35.79947
17.24541
78.00078
77.51952
13.08607
1.95784
21.32462
96.39982
51.49268
87.65954
47.10747
66.36723
47.27937
39.87120
75.37789
50.07154
77.85188
41.01622
38.71959
42.36162
92.43041
17.96567
77.23971
2.81110
98.18763
65.46331
50.44573
36.32812
52.72613
7.62576
43.33910
79.52781
44.48306
86.54094
73.60921
40.17309
31.20304
89.25525
22.49251
36.28947
1.96345
17.43415
87.12241
82.31250
82.76236
2.68576
46.17321
54.15093
11.26952
29.43374
16.82951
68.47660
34.66857
97.28446
63.75951
89.60561
29.07232
81.42680
75.77460
18.26564
86.79327
74.50506
46.74391
71.15627
83.60817
3.92116
8.89013
36.97387
12.81303
24.05859
97.93198
87.97793
14.19043
80.47337
72.50672
77.83054
67.82005
67.31318
56.61519
31.18638
52.69216
10.20115
67.78624
93.15491
48.49773
5.10226
45.21920
76.28565
6.77934
10.80948
90.67235
20.01153
20.86427
84.85504
46.83806
22.52587
43.59213
46.10387
46.29175
99.08986
60.14609
38.98152
0.77416
36.15887
89.04303
99.06441
27.94967
84.10123
27.31681
8.58304
53.72423
67.27567
34.35643
46.97107
34.16293
44.00855
35.83127
90.65820
72.99238
85.63229
57.63446
25.14958
7.06623
98.99639
68.03838
41.63629
62.96661
27.30382
2.90445
89.66684
14.18364
70.96545
44.08192
88.99561
39.34629
60.65848
8.66913
59.03870
69.98195
62.25485
70.60924
92.84649
51.35918
33.12315
49.57622
86.51271
74.22060
68.41881
80.52868
9.80950
86.99929
80.97962
24.06033
16.90535
34.79366
17.85126
24.87454
11.36902
97.52719
80.58647
63.25441
55.62026
40.82369
73.96517
10.93437
66.98043
68.75875
35.38692
27.08250
46.81004
34.68097
92.01223
14.38524
54.20559
5.87741
71.60211
8.85239
49.81151
80.72448
59.79468
97.15751
10.66222
94.59474
3.67772
43.08796
23.61091
66.26998
21.27222
66.30656
68.78549
87.72706
78.09050
78.45353
29.55918
4.92138
9.39485
23.96153
80.47912
9.63005
19.79324
36.90346
87.80459
60.13601
47.32424
91.83291
96.09325
4.93357
56.17951
18.40783
14.16166
32.90157
72.57637
40.42416
81.23310
90.81000
20.48159
3.52886
0.37585
66.18692
77.54917
62.44104
29.75974
28.05656
90.95788
75.70357
6.21666
89.67278
19.38398
32.27280
58.14338
6.86746
78.38508
13.93745
3.17115
65.08956
26.20208
69.65872
39.00286
60.39273
36.88454
98.31152
75.75912
58.70154
76.19907
52.05524
5.13232
58.18487
6.93688
41.76062
0.03422
19.72000
4.36354
91.02128
34.45624
73.57534
16.22180
62.91362
67.21431
58.50980
35.67663
1.36904
29.42049
29.72630
47.53608
75.72410
44.73066
94.50039
55.03698
52.46434
55.86655
84.77924
62.38005
59.48303
6.44846
33.70418
91.72540
87.92349
33.81417
60.63845
20.86274
21.63305
26.50889
51.83531
33.80422
8.00204
79.85652
15.32400
88.73134
5.41193
12.66246
97.59207
41.53094
12.82165
93.39018
61.49943
2.76204
77.30694
31.37713
8.45840
94.93869
88.61807
52.31057
29.27323
30.91478
42.41475
53.40392
47.15532
10.73441
48.98075
13.62533
74.59110
85.90784
67.59387
71.40725
51.61567
22.42289
0.45756
33.85641
15.31442
64.44067
32.78790
94.25667
73.49572
2.77520
42.25779
2.81952
2.22213
85.10209
87.91638
36.94879
12.04375
35.77502
65.37983
39.77509
95.22865
70.23245
55.34298
18.65671
22.91791
39.40272
92.15071
44.37112
48.67246
67.74127
90.14821
89.78778
89.81325
88.59969
32.43255
0.68873
30.67557
98.10449
88.99973
51.35897
62.40422
14.70094
43.23221
37.61572
11.17079
87.65719
90.37558
74.18536
10.62869
69.14609
60.24996
34.57125
66.43294
41.81754
41.10779
14.74631
25.16465
16.99072
73.47744
70.29559
1.04446
51.84829
3.82438
41.53684
61.02369
69.81553
48.22597
44.65882
15.79520
4.62672
99.00165
18.74968
99.02598
44.82451
30.57038
61.37867
82.28082
40.56217
5.32204
69.76417
74.85477
21.17101
8.38788
82.87934
46.75132
60.89293
16.57629
97.47012
64.13863
50.91649
12.22158
0.90173
84.10497
87.55894
31.02519
65.69428
94.54892
4.21770
74.19615
58.72196
78.68163
13.90544
13.78929
0.62950
35.42005
53.17004
83.60898
96.78208
48.51728
9.13855
13.58247
30.83565
39.19847
24.29795
7.72331
42.82462
79.78308
85.51295
61.30838
54.17051
94.82443
25.20477
48.86084
27.68829
44.53977
40.58406
74.29197
96.67189
99.68707
33.30890
46.59797
29.83835
65.64368
30.88162
35.76612
60.91623
82.19867
39.35507
41.37027
29.49779
76.80330
85.31101
12.88361
5.30388
57.65347
49.37613
69.96945
27.02427
41.08359
14.41624
13.67309
43.05255
14.35679
17.80953
33.09382
68.18579
21.19793
89.71770
15.06789
89.98798
49.19975
7.42803
86.56314
36.09941
83.67976
58.29201
60.55618
58.16045
33.84894
25.46024
55.18782
46.38441
2.41453
57.73124
59.87985
64.07990
99.95027
2.10995
19.47038
75.66270
93.18778
59.49516
37.80056
34.05003
13.78510
43.24918
22.79643
14.89495
27.48641
52.37233
71.11699
24.41908
39.54378
69.62932
55.80347
58.28669
40.35745
60.11748
96.67311
48.30442
18.84980
21.83844
45.64140
73.15528
89.70259
10.05425
34.11335
88.47627
57.62130
15.29607
10.45768
74.30198
71.90014
72.87533
59.49818
73.23326
33.18187
51.95540
27.64657
1.04460
43.58007
67.23271
8.27693
94.41012
99.10799
79.16057
66.37167
98.01646
6.18060
99.93441
30.21012
77.16371
0.99407
27.96835
11.81809
48.66345
27.59371
99.02138
15.37623
12.56475
99.00598
90.24412
57.69834
30.62396
75.23672
8.71132
63.22667
34.53392
60.53674
23.12612
36.82660
48.40797
71.63722
83.06649
77.51990
74.05484
89.27655
51.27150
51.84206
34.59939
97.72407
10.62652
70.29651
37.74509
4.75998
5.03794
1.13287
0.40904
1.28870
75.84941
67.94444
90.57323
45.20837
40.56400
76.73036
92.28248
72.77487
61.30639
35.67756
97.89387
29.25862
49.06006
16.54516
0.32572
10.10801
85.11683
75.82144
2.38988
48.37683
48.03261
6.52839
75.68050
27.27723
32.70438
97.99658
81.81634
83.03773
28.90563
45.84350
26.49595
76.60282
58.86445
99.96378
84.95635
73.45721
56.97441
76.72824
81.36278
93.58199
81.70400
43.76919
46.47533
21.77529
6.79770
55.24676
31.71615
98.02486
93.60209
37.30639
61.32159
26.09667
57.83460
34.74306
65.72262
57.17016
46.93931
27.94314
83.56661
93.19205
10.13521
11.42587
42.25962
16.39657
61.11907
69.40900
97.69538
30.50322
41.08591
28.02891
14.45223
14.18361
24.46334
31.66613
